日期,开盘价,最高价,最低价,收盘价,成交量,成交额
20230201,9.9,11.88,9.9,11.88,7707146,91160849
20230202,13.07,13.07,13.07,13.07,2084447,27243722
20230203,14.38,14.38,14.38,14.38,2443898,35143253
20230206,15.82,15.82,15.82,15.82,5772816,91325949
20230207,17.4,17.4,17.4,17.4,6248128,108717427
20230208,19.14,19.14,19.14,19.14,14406232,275735280
20230209,21.05,21.05,19.97,21.04,254884399,5231504459
20230210,20.18,20.3,18.94,18.95,152333020,2984053851
20230213,18.7,19.15,18.68,18.9,73493115,1389333704
20230214,18.85,18.94,18.45,18.67,70934513,1324485243
20230215,18.6,18.96,18.4,18.8,62919602,1176569337
20230216,18.67,19.66,18.5,18.69,105352453,2017756064
20230217,18.39,18.47,17.31,17.31,93857613,1672975646
20230220,17.58,18.13,17.29,17.88,76146530,1348476675
20230221,17.77,18.05,17.46,17.9,55737944,988401727
20230222,17.8,18.14,17.65,17.65,36401603,649150904
20230223,17.65,18.18,17.64,17.74,49002677,877014650
20230224,17.75,18.45,17.66,17.98,71701026,1295328753
20230227,17.51,17.79,17.32,17.75,45294816,795750654
20230228,17.72,17.81,17.41,17.8,37529759,662516634
20230301,17.7,18.47,17.6,18.31,64353982,1158206184
20230302,18.12,18.34,17.75,17.76,49751389,897454985
20230303,17.76,18.05,17.43,17.96,54365636,965007516
20230306,17.78,17.9,17.42,17.66,43826080,771702178
20230307,17.56,17.81,16.92,16.94,42619661,742992014
20230308,16.73,16.92,16.53,16.8,32688901,546960105
20230309,16.77,16.85,16.45,16.46,29138305,483463325
20230310,16.42,16.85,16.39,16.49,31600108,523930072
20230313,16.42,16.59,16.27,16.51,24408708,401079731
20230314,16.45,16.49,15.87,16.04,27418675,443362899
20230315,16.2,16.47,16.02,16.04,24591699,399765475
20230316,15.82,16.09,15.6,15.62,23357554,369740893
20230317,15.8,16.05,15.78,15.84,27559117,438271091
20230320,15.81,15.96,15.49,15.54,23426014,368004959
20230321,15.56,15.72,15.51,15.64,18257108,284792004
20230322,15.75,16.25,15.72,16.07,38778464,621829049
20230323,15.9,16.27,15.85,16.25,35600546,571924307
20230324,16.34,16.41,16.01,16.05,33660845,545169635
20230327,16.02,16.2,15.66,15.97,33693926,536987457
20230328,15.97,16.01,15.53,15.54,21504149,338332539
20230329,15.6,15.64,15.09,15.21,25907321,396332945
20230330,15.29,15.92,15.08,15.57,38584908,597184070
20230331,15.45,15.55,15.27,15.35,24118106,371172968
20230403,15.3,16.82,15.3,16.29,78016167,1259371371
20230404,16.18,16.51,16.07,16.49,50817965,828335774
20230406,16.41,16.7,16.12,16.63,47065191,775206328
20230407,16.6,18,16.41,17.12,78407678,1352295659
20230410,17.41,17.74,16.7,16.81,61499778,1060702485
20230411,17,17.43,16.7,16.87,48954326,836190456
20230412,16.7,17.13,16.52,16.82,38544617,646876434
20230413,16.71,16.83,16.12,16.24,37670408,619885575
20230414,16.35,16.88,16.32,16.71,42261147,704485505
20230417,16.66,17.57,16.62,17.05,63199583,1084162476
20230418,16.88,17.21,16.38,16.49,45326124,755135135
20230419,16.32,16.4,15.66,15.71,41095841,654436243
20230420,15.61,15.87,15.51,15.79,23494467,369776853
20230421,15.7,15.7,14.58,14.68,41725208,629159006
20230424,14.49,14.72,14.32,14.59,20309474,294508865
20230425,14.6,14.67,13.96,14.39,24748694,355194627
20230426,14.31,14.53,14.21,14.38,16631678,239345517
20230427,14.31,14.51,14.26,14.4,18475359,266050292
20230428,14.61,14.82,14.48,14.62,23631066,345629039
20230504,14.49,14.81,14.41,14.66,16970462,247988656
20230505,14.67,15.14,14.64,14.7,27879034,415201548
20230508,14.67,16.16,14.34,15.4,53982051,824023461
20230509,15.45,16.94,15.32,16.21,112729342,1861115602
20230510,16,16.1,15.1,15.31,68535814,1068443724
20230511,15.37,16.5,15.36,15.88,63578761,1016340573
20230512,15.6,15.92,15.46,15.52,33017578,516471257
20230515,15.53,15.84,14.88,15.68,39643500,607411695
20230516,15.6,15.85,15.31,15.34,22497537,349070983
20230517,15.27,15.42,15.12,15.17,17113291,260858556
20230518,15.2,15.24,14.92,14.96,22455521,338109996
20230519,14.91,14.98,14.58,14.58,22168538,327111285
20230522,14.56,14.65,14.48,14.64,11646945,169732675
20230523,14.64,14.74,14.52,14.52,14538888,212789712
20230524,14.47,14.66,14.41,14.51,12230941,177966397
20230525,14.5,15,14.44,14.95,35391423,524511873
20230526,14.8,14.89,14.55,14.72,23794579,349850345
20230529,14.75,14.75,14.32,14.37,19850856,288528307
20230530,14.31,14.65,14.26,14.62,16171410,234551648
20230531,14.52,14.66,14.49,14.57,12093936,176157815
20230601,14.53,14.73,14.43,14.57,14999541,219284564
20230602,14.67,14.86,14.58,14.78,19354779,284967787
20230605,14.73,14.84,14.56,14.58,16341227,239884310
20230606,14.46,14.55,14.07,14.08,20951316,299860013
20230607,14.05,14.63,14.05,14.28,17790958,254922835
20230608,14.24,14.98,14.17,14.63,32648823,477010392
20230609,14.58,14.68,14.42,14.58,18662799,271222084
20230612,14.5,14.51,14.31,14.4,11905727,171544557
20230613,14.4,15.16,14.37,14.94,41370117,615965438
20230614,14.94,15.17,14.74,14.82,30964078,463134147
20230615,14.84,15.29,14.75,15.1,39108500,587543345
20230616,15.07,15.14,14.86,15.03,23212661,347593182
20230619,14.96,14.98,14.83,14.86,17022468,253369126
20230620,14.8,14.92,14.67,14.68,16460709,243106738
20230621,14.64,14.78,14.26,14.29,18674980,271473308
20230626,14.11,14.22,14.06,14.09,11093760,156703134
20230627,14.13,14.25,14.12,14.2,8949388,127025331
20230628,14.15,14.19,13.61,13.88,13956950,193915822
20230629,13.71,13.97,13.71,13.8,8341321,115459374
20230630,13.88,14.47,13.88,14.26,22646815,323149850
20230703,14.12,14.39,14.1,14.3,14067197,200698152
20230704,14.28,14.34,14.15,14.23,9555347,135961850
20230705,14.23,14.24,14.04,14.06,9411037,132872346
20230706,14,14.12,13.95,13.99,7663419,107356273
20230707,13.93,14.19,13.93,14.04,9150102,128676674
20230710,14.06,14.14,13.97,14,7214400,101378206
20230711,13.97,14.1,13.94,14.1,6876202,96436257
20230712,14.1,14.21,13.93,13.95,10564802,148705239
20230713,14.04,14.3,14,14.2,15431388,219239444
20230714,14.19,14.22,14.08,14.14,9583356,135581690
20230717,14.12,14.12,13.93,14.01,7653159,107070911
20230718,14.02,14.53,13.97,14.25,18308030,261191206
20230719,14.13,14.58,14.11,14.48,22594697,325059034
20230720,14.5,14.54,14.21,14.28,14937445,214291094
20230721,14.25,14.37,14.21,14.3,9494200,135753072
20230724,14.23,14.57,14.1,14.36,11851056,170320090
20230725,15.5,15.8,15.1,15.62,81583751,1265557554
20230726,15.43,15.64,15.11,15.28,55231277,848114906
20230727,15.15,15.25,14.78,14.85,31716288,475445262
20230728,14.89,16.34,14.86,16.34,88811609,1411090249
20230731,17.54,17.97,17.18,17.18,193731095,3437849539
20230801,16.87,17.68,16.46,16.93,120247029,2052592651
20230802,16.98,17.8,16.87,17.28,85725094,1485661263
20230803,17.56,18.53,16.89,18.16,112824362,2003435248
20230804,18.71,19.98,18.16,19.98,175566023,3440631027
20230807,19.18,21.48,18.92,20.99,168901451,3389509319
20230808,20,20,18.89,18.89,107237314,2066296789
20230809,18.36,19.17,18,18.36,81434900,1517651673
20230810,18.68,20.14,18.68,19.79,118415607,2277573816
20230811,19.03,19.08,18.09,18.12,84668043,1568424990
20230814,17.48,19.18,17.41,18.54,88830241,1642960058
20230815,18.23,19.71,18.14,19.38,89758982,1681285727
20230816,18.73,21.32,18.52,21.2,169291870,3481175921
20230817,20.8,23.32,20.7,22.36,188649655,4235807446
20230818,22.01,22.55,20.1,20.4,142645117,2969572189
20230821,20.05,20.46,19.68,20.02,84647381,1696154532
20230822,19.73,22.02,19.21,21.75,155830799,3239544818
20230823,21.11,22.47,20.92,21.49,141644349,3079531440
20230824,21.7,21.99,20.21,20.25,118993433,2520491430
20230825,20.01,21.76,20.01,20.95,94810590,1996865681
20230828,23.05,23.05,21.35,21.42,145885788,3274386956
20230829,21.63,22.4,20.83,22.1,117750540,2552326598
20230830,21.6,21.6,20.18,20.45,95422286,1969384564
20230831,20.2,20.58,19.33,19.33,72571200,1431159498
20230901,19.5,19.58,18.35,18.41,77766118,1462998958
20230904,18.4,18.54,18.09,18.28,46721045,854557619
20230905,18.13,18.6,18.04,18.41,50425812,923596867
20230906,18.2,18.46,18.05,18.17,38620922,704462116
20230907,18.11,19.12,18.11,18.71,78086291,1452402254
20230908,18.47,18.7,18.1,18.33,48073860,881646485
20230911,18.28,18.3,17.02,18.22,60469733,1078231776
20230912,18.05,18.3,17.86,17.88,32849682,591904363
20230913,17.85,17.95,17.37,17.48,27624072,485301288
20230914,17.44,17.59,17.17,17.25,21662265,375706502
20230915,17.4,17.57,17.15,17.26,27736782,480785863
20230918,17.1,17.29,16.98,17.03,21348829,365421250
20230919,17,17.29,16.93,16.97,25060806,429063840
20230920,16.93,17.25,16.91,16.98,23232636,397151587
20230921,16.89,17.2,16.82,16.87,19606316,332666642
20230922,17,18.18,16.87,17.93,74492612,1316287461
20230925,17.48,17.67,17.3,17.35,39710397,694161912
20230926,17.38,17.87,17.31,17.5,33070647,582498626
20230927,17.52,17.64,17.22,17.27,28845928,501879624
20230928,17.45,17.61,17.07,17.18,26845229,463801885
20231009,16.89,16.94,16.44,16.55,31349167,519234816
20231010,16.63,16.73,16.42,16.5,18536487,306286941
20231011,16.51,16.6,16.32,16.4,18297884,300533047
20231012,16.86,16.98,16.25,16.49,29011164,479362167
20231013,16.06,16.33,15.96,16.18,22150187,358275106
20231016,16.08,16.62,16.06,16.27,24383238,398227429
20231017,16.27,17.08,16.14,16.71,54763738,918283037
20231018,16.45,17.28,16.4,16.91,51273371,870488581
20231019,16.85,17.65,16.8,17.03,56847316,980406093
20231020,16.95,17.39,16.87,17.21,46122652,790495138
20231023,17.01,17.03,16.31,16.76,37133800,622635754
20231024,16.86,17.87,16.81,17.57,67244552,1166401325
20231025,17.67,17.7,17,17.05,52844500,912314411
20231026,16.9,17.16,16.78,16.98,31234274,528964024
20231027,16.81,16.89,16.52,16.84,26559164,444139538
20231030,16.76,17.39,16.7,17.26,34103499,583684463
20231031,17.19,17.39,16.98,17.11,23631158,404687738
20231101,17.27,17.38,17,17.2,21141536,363226273
20231102,17.05,17.23,16.66,16.68,24131730,409343402
20231103,16.67,16.97,16.46,16.67,23697968,396212972
20231106,17.12,17.72,16.98,17.57,62858084,1088368992
20231107,17.45,19.32,17.35,18.5,87359764,1609326440
20231108,18.43,18.92,18.33,18.53,58203032,1081213394
20231109,18.4,19.31,18.39,18.87,58000927,1099675242
20231110,18.5,19,18.44,18.73,45256972,846013008
20231113,18.5,18.55,17.98,18.14,35451138,644975877
20231114,18.05,19.41,17.95,18.85,60817891,1137970220
20231115,19.16,20.74,19.12,19.93,106354862,2154330473
20231116,19.79,20.59,19.61,19.79,73881489,1481385833
20231117,19.6,20.01,19.41,19.7,44665258,878832784
20231120,19.51,20.11,19.06,19.95,53367377,1056333274
20231121,20.1,20.48,19.48,19.54,51224629,1020834594
20231122,19.3,19.69,18.9,18.94,42127831,809970017
20231123,19.03,19.09,18.63,18.9,25965590,489446471
20231124,18.85,18.89,18.5,18.69,23604589,440873101
20231127,18.69,18.87,18.34,18.61,23879003,443470315
20231128,18.6,19.18,18.6,18.89,32363354,611756795
20231129,18.7,18.79,18.41,18.41,24425687,453039068
20231130,18.41,19.78,18.41,19.55,64219376,1242875632
20231201,19.35,19.79,19.29,19.6,44669847,873421028
20231204,19.48,19.69,19.18,19.5,28932767,563545384
20231205,19.4,21.19,19.2,20.16,77167139,1553903308
20231206,20.05,20.72,19.73,19.75,55443713,1112219640
20231207,19.7,20.89,19.5,20.43,69047036,1405674429
20231208,20.19,21.18,20.17,20.3,69286750,1432737343
20231211,20.3,22.29,19.7,21.59,79130219,1663694602
20231212,21.27,21.67,20.91,21.1,48245738,1025203825
20231213,21,21.46,20.86,21.1,36358974,769959236
20231214,21.2,21.25,20.56,20.58,33440948,696063386
20231215,20.55,21.47,20.35,20.96,40552503,852454971
20231218,20.99,21.45,20.8,21.2,28549595,602575153
20231219,21.03,21.4,19.08,19.34,68453792,1375679802
20231220,19.22,19.41,18.46,18.61,47476144,893711680
20231221,18.61,18.79,17.9,18.12,40605776,742939447
20231222,18.02,18.15,17.75,17.9,23740865,425875636
20231225,17.52,17.72,17.21,17.25,25055622,435800985
20231226,17.24,17.79,17.22,17.48,30014526,526120692
20231227,17.4,18.4,17.38,17.94,41577606,746282596
20231228,17.67,18.5,17.62,18.26,40508424,737561395
20231229,18.04,18.19,17.85,17.99,29371730,528512360
20240102,17.88,17.97,17.57,17.63,18596164,329362650
20240103,17.51,17.78,17.44,17.59,15559163,273845254
20240104,17.5,17.64,17.13,17.39,16563425,286648358
20240105,17.31,17.58,16.96,17.01,22639581,388982772
20240108,16.92,17.03,16.79,16.82,13500485,227747537
20240109,16.8,16.98,16.29,16.45,21836337,361560168
20240110,16.36,16.51,16.17,16.27,13780554,225237673
20240111,16.23,16.78,16.19,16.75,21126634,350484832
20240112,16.56,16.99,16.54,16.58,16459581,275441458
20240115,16.45,16.75,16.28,16.51,13224897,217706720
20240116,16.41,16.96,16.4,16.84,26520226,442615307
20240117,16.66,16.66,16.3,16.3,17163256,283091144
20240118,16.35,17.49,16.26,17.36,49763313,838793712
20240119,17.03,17.23,16.87,17.07,27641126,470968199
20240122,16.93,17.98,16.91,17.3,51407621,898926086
20240123,17.16,18.35,17.14,18.06,58397419,1046391238
20240124,17.9,19.81,17.4,18.93,80725208,1490072368
20240125,18.5,18.89,18.19,18.37,61417868,1136237838
20240126,18.05,18.28,17.48,17.74,50271719,894820898
20240129,17.86,18.06,15.97,15.97,50849926,866582764
20240130,15.01,15.9,14.97,15.05,51133479,783791644
20240131,15,15.85,14.93,15.22,40016271,616333611
20240201,15.17,15.87,15.1,15.34,37396378,580002323
20240202,15.28,15.34,13.87,14.3,53350336,769746136
20240205,14.09,14.15,13.35,13.43,38275177,525413332
20240206,13.21,14.27,13.15,14.1,38870386,536011503
20240207,13.92,14.26,13.61,13.86,37422404,523140421
20240208,14,14.43,13.97,14.41,38156716,543925452
20240219,14.33,14.41,13.59,14.41,32929940,466041802
20240220,14.31,15.39,14.18,15.15,55694724,824742937
20240221,14.75,15.86,14.69,15.2,60298605,923767037
20240222,15,15.67,14.94,15.55,44502846,684528298
20240223,15.57,15.9,15.44,15.66,43215329,676984699
20240226,15.53,15.89,15.46,15.6,33645773,526094534
20240227,15.58,16.22,15.58,16.22,39062147,619813445
20240228,16.53,17.83,16.22,16.33,86647522,1475297871
20240229,16.03,16.84,16.03,16.84,56441005,928386377
20240301,16.75,17.03,16.54,16.85,42288414,709104645
20240304,16.7,16.81,16.27,16.61,30470871,504380927
20240305,16.48,16.72,16.21,16.32,27463952,452644269
20240306,16.32,16.68,16.15,16.51,29217031,480297354
20240307,16.33,16.45,15.92,15.99,31942364,516395321
20240308,15.99,16.08,15.81,16,16124607,257363316
20240311,16.07,16.34,16.03,16.31,20960459,339946092
20240312,16.54,16.6,16.19,16.31,26897164,440015198
20240313,16.3,16.31,16.05,16.12,20144308,325245708
20240314,16.05,16.2,15.85,16.01,17538997,281163086
20240315,16.01,16.15,15.78,16.15,19516392,312038338
20240318,16.22,16.86,16.22,16.67,46313706,767670117
20240319,16.57,16.57,16.09,16.11,29432094,480994457
20240320,16.1,16.2,15.96,16.14,21368737,343788871
20240321,16.14,16.46,16.11,16.28,28920683,470851086
20240322,16.24,16.31,15.99,16.08,22637740,364719990
20240325,15.79,15.79,15.35,15.35,26295314,409330852
20240326,15.38,15.47,15.16,15.25,15374643,234758705
20240327,15.41,15.66,15,15,26242921,404848837
20240328,14.92,15.28,14.86,15.17,23473501,353781041
20240329,15.03,15.18,14.79,15.16,17893075,268185962
20240401,15.44,15.48,15.15,15.25,18387905,280798168
20240402,15.2,15.33,15.06,15.1,14068117,213454898
20240403,15.03,15.12,14.85,14.87,11586924,173274242
20240408,14.74,15.26,14.62,14.8,22776688,341354882
20240409,14.79,14.89,14.69,14.84,17398123,257297597
20240410,14.87,14.89,14.36,14.43,15816895,229895765
20240411,14.34,14.58,14.26,14.35,15613589,225031363
20240412,14.3,14.38,14.08,14.11,13000774,184686803
20240415,14.4,15.35,14.15,14.96,58275975,863685758
20240416,14.61,15.16,14.27,14.38,37155436,549814313
20240417,14.34,14.74,14.21,14.66,28464198,413762947
20240418,14.55,15.07,14.41,14.75,32967418,486603814
20240419,14.6,14.93,14.55,14.69,19750171,291330972
20240422,14.61,14.95,14.55,14.64,18213356,268243405
20240423,14.77,14.82,14.48,14.57,14251604,208403911
20240424,14.58,14.66,14.05,14.34,23360446,335850340
20240425,14.32,14.54,14.21,14.36,15365270,220915036
20240426,14.96,15.78,14.6,15.59,77380748,1175694646
20240429,15.46,16.05,15.21,15.66,79985933,1249625649
20240430,15.5,16.05,15.47,15.72,60022540,948965720
20240506,16.03,16.08,15.59,15.67,41608128,657274144
20240507,15.6,15.84,15.5,15.67,30912603,483983151
20240508,15.53,15.58,15.3,15.31,23347281,359449330
20240509,15.46,16.46,15.36,15.96,61128645,971440265
20240510,15.88,16.01,15.7,15.9,36529735,578498635
20240513,15.78,16.03,15.51,15.97,37205255,589272527
20240514,15.9,16.37,15.71,16.34,44768785,716813798
20240515,16.45,16.5,15.34,15.37,49046684,774291821
20240516,15.4,15.54,15.1,15.22,30890044,472676980
20240517,15.15,15.52,14.9,15.48,36050910,547309257
20240520,15.33,15.61,15.28,15.37,23753921,366787978
20240521,15.31,15.37,15.14,15.24,14748760,224897954
20240522,15.22,15.38,15.18,15.29,13113763,200529580
20240523,15.24,15.25,14.82,14.85,20930760,314478686
20240524,14.8,14.92,14.64,14.67,14528288,214554278
20240527,14.7,14.9,14.56,14.87,12622350,185617193
20240528,14.8,14.86,14.6,14.61,11050688,162528114
20240529,14.6,14.72,14.54,14.65,10637120,155572351
20240530,14.6,14.79,14.5,14.74,15966952,234050008
20240531,14.74,14.81,14.68,14.75,11962900,176211133
20240603,14.74,14.98,14.66,14.88,22786465,339465282
20240604,14.85,15.17,14.84,15.15,24264219,366070000
20240605,15.08,15.17,14.92,15.08,16487808,248409118
20240606,15.08,15.21,14.86,14.89,19661399,295024890
20240607,14.89,14.99,13.77,14.48,28270097,409475158
20240611,14.27,14.68,14.26,14.65,15993409,232048144
20240612,14.6,15.28,14.6,15.16,28019296,422659791
20240613,15.15,15.53,15.11,15.36,33314393,512839843
20240614,15.23,16.06,15.23,15.4,87354899,1369671266
20240617,15.13,15.51,14.78,15.45,29574707,451435107
20240618,15.41,15.54,15.28,15.41,22270744,342983049
20240619,15.42,15.49,15.03,15.06,15883300,241514185
20240620,15,15.13,14.71,14.74,15192842,226403548
20240621,14.83,14.92,14.67,14.76,11705576,173055366
20240624,14.6,14.96,14.55,14.6,16510070,244458093
20240625,14.6,14.68,14.28,14.44,14113399,203718986
20240626,14.38,14.68,14.35,14.66,11940663,173822322
20240627,14.55,14.79,14.4,14.4,11201833,163025635
20240628,14.41,14.59,14.09,14.21,14824598,212893797
20240701,14.13,14.28,13.91,14.26,11122257,156918019
20240702,14.25,14.36,14.11,14.13,9178000,130518672
20240703,14.14,14.22,14.05,14.13,7433900,105097874
20240704,14.12,14.22,13.98,13.98,12013400,169336942
20240705,13.98,14.24,13.88,14.07,10270173,144541369
20240708,14,14,13.6,13.66,10183369,140268062
20240709,13.73,13.96,13.46,13.96,13492283,185690871
20240710,13.82,14.06,13.8,13.82,8822640,122666924
20240711,13.97,14.05,13.8,13.99,11992307,167239338
20240712,13.93,14.04,13.85,13.9,7993016,111335094
20240715,13.87,13.93,13.67,13.72,8439121,116336462
20240716,13.73,13.86,13.65,13.74,6941150,95473081
20240717,13.76,13.79,13.68,13.74,7819783,107481356
20240718,13.66,13.79,13.46,13.75,10075083,137214178
20240719,13.7,14.28,13.66,14.06,18462718,258831606
20240722,14.28,14.35,13.93,14.11,17487700,247026953
20240723,14.04,14.15,13.64,13.66,12842800,178393537
20240724,13.56,13.69,13.21,13.25,13353626,179020968
20240725,13.23,13.51,13.21,13.43,11837900,158716203
20240726,13.41,13.94,13.41,13.72,13408758,184247674
20240729,13.66,13.69,13.43,13.45,9388457,127131532
20240730,13.42,13.57,13.36,13.46,7196500,96927356
20240731,13.46,14.81,13.45,14.76,54915890,794341261
20240801,14.55,14.72,14.35,14.4,36970598,536400220
20240802,14.53,14.55,13.91,13.97,22357298,316464394
20240805,13.93,14.14,13.68,13.72,21420698,297968187
20240806,14.03,14.09,13.6,13.85,18898700,260684563
20240807,13.75,13.99,13.68,13.8,12579800,173674453
20240808,13.88,14.02,13.72,13.8,21420900,296685438
20240809,13.9,13.96,13.52,13.55,17932725,245529299
20240812,13.44,13.59,13.35,13.51,10949445,147521779
20240813,13.56,13.75,13.48,13.7,12634888,171969522
20240814,13.63,13.8,13.6,13.62,11678067,159994049
20240815,13.54,13.97,13.54,13.75,17480400,241091753
20240816,13.7,13.79,13.57,13.63,9353400,127834496
20240819,13.56,13.69,13.54,13.58,7105400,96676400
20240820,13.63,13.63,13.3,13.34,9849200,132127261
20240821,13.3,13.3,13.05,13.13,8036586,105646252
20240822,13.22,13.26,12.3,12.36,26521486,334536235
20240823,12.31,12.42,11.98,11.99,19055360,232552939
20240826,12,12.32,11.91,12.19,13597811,164355365
20240827,12.09,12.17,12,12.01,8219340,99251897
20240828,12.17,12.8,12.09,12.38,21975859,273180917
20240829,12.28,12.6,12.28,12.46,18410576,229467785
20240830,12.48,13.1,12.42,12.8,25528558,327972034
20240902,12.7,12.79,12.28,12.31,14417400,180251403
20240903,12.33,12.51,12.3,12.45,8391900,104096716
20240904,12.36,12.58,12.33,12.44,8438900,105194578
20240905,12.44,12.54,12.42,12.48,7534975,93966985
20240906,12.78,12.9,12.41,12.45,21532151,272011048
20240909,12.21,12.63,12.18,12.54,14294276,178462941
20240910,12.5,12.57,12.21,12.44,10026100,124013581
20240911,12.38,12.56,12.35,12.45,7262675,90359985
20240912,12.45,12.56,12.39,12.39,8030734,100150979
20240913,12.4,12.54,12.27,12.31,8330100,103352815
20240918,12.27,12.4,12.12,12.32,8334218,102116404
20240919,12.39,12.73,12.27,12.56,15170025,190292061
20240920,12.51,12.7,12.41,12.7,12165420,152472745
20240923,12.7,12.71,12.5,12.57,11242900,141305059
20240924,12.75,13.5,12.55,13.46,47538680,625204787
20240925,13.64,14.09,13.57,13.59,56514574,782225478
20240926,13.59,14.46,13.46,14.35,52202199,729005929
20240927,14.9,15.53,14.6,15.5,51202484,770157622
20240930,17.04,17.05,16.13,17.05,89898099,1512259318
20241008,18.76,18.76,17.39,18.76,89463303,1661884914
20241009,17.81,18.49,16.88,16.88,97959711,1717677348
20241010,16.9,17.15,15.42,15.75,63551791,1014561645
20241011,15.49,16.14,15.36,15.62,47409516,744031046
20241014,16.31,16.31,14.91,15.7,48999354,759231232
20241015,15.41,15.69,15.06,15.1,36020891,555299782
20241016,14.9,15.48,14.85,15.11,31709116,479827629
20241017,15.26,15.38,14.87,14.88,27182087,410354905
20241018,14.8,16.12,14.77,15.48,56755884,874683467
20241021,15.28,15.41,15.08,15.17,42952050,654376863
20241022,15.17,15.48,15.11,15.42,29204031,446562885
20241023,15.44,15.67,15.26,15.36,33314183,515283153
20241024,15.29,15.69,15.24,15.51,36197660,559449768
20241025,15.41,15.78,15.31,15.6,35821788,557443342
20241028,15.55,15.67,15.41,15.64,27282088,425157373
20241029,15.65,15.88,15.18,15.21,35032364,542545622
20241030,15.15,15.37,14.97,15.16,24738987,374780951
20241031,14.99,15.68,14.88,15.31,41500417,637760100
20241101,15.31,15.37,14.9,14.94,33359909,504801442
20241104,15.1,16.1,15.03,16.05,71028377,1114163553
20241105,16,16.66,15.71,16.55,88241485,1438954257
20241106,16.65,17.1,16.26,16.48,80402888,1338107525
20241107,16.28,17.53,16.18,17.4,83050391,1400792661
20241108,17.6,17.68,16.67,16.69,64687245,1100264002
20241111,16.49,17.21,16.36,17.05,47817503,809076356
20241112,17,17.19,16.33,16.54,41494698,696341607
20241113,16.43,16.97,16.41,16.74,38649816,644597590
20241114,16.64,16.87,16.21,16.29,31934994,528619017
20241115,16.28,16.38,15.57,15.58,31782105,507515622
20241118,15.55,15.7,15.07,15.19,26540500,408318995
20241119,15.3,15.65,15.23,15.56,23320512,359636008
20241120,15.5,15.59,15.37,15.47,19804944,306413800
20241121,15.48,15.57,15.31,15.44,22847438,352761432
20241122,15.44,15.45,14.68,14.71,27451865,413564205
20241125,14.75,14.8,14.45,14.71,20626301,301593051
20241126,14.64,14.98,14.61,14.67,20252700,299156562
20241127,14.7,15.04,14.6,15.02,26521274,393138973
20241128,15.02,15.09,14.84,14.87,18750018,279898399
20241129,14.87,15.5,14.8,15.19,32869793,498351482
20241202,15.11,15.45,14.99,15.39,27488487,421056232
20241203,15.34,15.48,15.18,15.37,19972861,306086266
20241204,15.37,15.45,15.04,15.15,18326200,279904994
20241205,15.05,15.44,15.05,15.38,18738965,287225255
20241206,15.35,15.66,15.23,15.48,28993762,449167396
20241209,15.44,15.55,15.18,15.36,17403301,267217112
20241210,16.1,16.13,15.54,15.6,49249690,779774877
20241211,15.65,16.11,15.53,15.96,36675249,581262676
20241212,16,16.68,15.91,16.36,58829594,958964908
20241213,16.17,16.24,15.69,15.73,40091154,637391908
20241216,15.63,15.73,15.35,15.46,21302514,329306923
20241217,15.33,15.51,15.27,15.32,20687900,318011227
20241218,15.35,15.41,15.14,15.27,16420000,250788303
20241219,15.05,15.3,14.99,15.26,14748785,223632218
20241220,15.27,15.47,15.23,15.33,15695357,240890996
20241223,15.2,15.33,14.9,14.93,19697591,297209470
20241224,14.99,15.2,14.95,15.19,14911890,225282409
20241225,15.21,16.08,15.21,15.72,66520022,1048034866
20241226,15.71,16.24,15.61,16.11,57380086,919283610
20241227,15.99,16.37,15.91,16.06,50440900,812380687
20241230,15.95,16.19,15.91,16.03,30982305,496861324
20241231,16.03,16.03,14.97,14.98,41938631,646966065
20250102,14.87,14.98,14.12,14.27,41600698,607102950
20250103,14.3,14.37,13.8,13.85,28892200,404433246
20250106,13.76,14.26,13.7,14.05,21288887,296284931
20250107,14.05,14.12,13.81,14.08,18591775,260016851
20250108,14,14.08,13.57,13.91,20463162,282694242
20250109,13.88,13.97,13.73,13.76,13271089,183716170
20250110,13.73,13.84,13.41,13.41,14991817,204119681
20250113,13.24,13.54,13.21,13.46,12787758,171362558
20250114,13.44,13.93,13.44,13.9,25649926,352642543
20250115,13.86,13.88,13.67,13.72,13094728,179948418
20250116,13.8,13.94,13.55,13.66,15746817,216355482
20250117,13.6,13.74,13.57,13.63,12263692,167520422
20250120,13.74,13.84,13.62,13.67,13762100,189063131
20250121,13.78,13.8,13.53,13.68,10688100,145796332
20250122,13.59,13.69,13.54,13.65,10001000,136000841
20250123,13.89,14.12,13.65,13.65,23606632,327748016
20250124,13.65,13.77,13.61,13.74,15331584,209963352
20250127,13.82,13.84,13.25,13.27,18472088,249543268
20250205,13.37,13.44,13.27,13.38,12618014,168564726
20250206,13.35,13.92,13.32,13.84,27011288,370070849
20250207,13.77,14.3,13.75,14.03,32766550,459042784
20250210,13.98,14.1,13.96,14.06,18089100,253887262
20250211,14.05,14.06,13.81,13.92,14566500,202470778
20250212,13.86,14.12,13.84,14.12,17599258,245908338
20250213,14.12,14.23,13.91,13.96,22973700,322438533
20250214,13.96,14.11,13.91,14.02,14472189,202753658
20250217,15,15.42,14.72,15.04,123700347,1882188007
20250218,14.55,16.16,14.55,15.3,108357841,1650880537
20250219,15.17,16.83,15.17,16.35,137669810,2221903335
20250220,16.04,16.93,15.89,16.57,113932406,1880642206
20250221,16.6,16.99,16.16,16.44,103761362,1707851157
20250224,16.2,16.53,15.79,16,68251584,1098070644
20250225,15.8,16.42,15.74,15.83,58003011,931290146
20250226,16,16.92,15.68,16.73,93284390,1514829160
20250227,16.29,16.68,16,16.44,88508956,1443939385
20250228,16.34,17.2,15.8,15.8,81496824,1339009933
20250303,16.05,16.58,15.79,16,62129669,1004933367
20250304,15.78,16.24,15.78,15.97,40537212,649532692
20250305,15.88,16.08,15.75,15.89,40792942,647525844
20250306,15.96,17.1,15.84,16.73,102299764,1694486504
20250307,16.48,16.85,16.23,16.36,61499938,1011208853
20250310,16.22,16.35,16.02,16.13,32917058,530723416
20250311,15.98,16.49,15.95,16.22,47247323,768188140
20250312,16.27,16.95,16.24,16.54,82098675,1364657697
20250313,16.36,17.39,16.36,16.78,84340977,1423852758
20250314,16.95,18.46,16.8,18.46,130099235,2344712248
20250317,18.46,18.46,17.64,17.67,126499041,2264859836
20250318,17.8,18.45,17.72,17.87,99027922,1782133141
20250319,17.92,18.38,17.7,18.18,89399069,1612472635
20250320,17.95,18.02,17.56,17.65,64402017,1141832041
20250321,17.52,18.07,17.37,17.49,66262300,1172687311
20250324,17.4,17.69,17.08,17.37,50561911,873068018
20250325,17.3,17.3,16.6,16.75,51379434,865063746
20250326,16.6,16.87,16.6,16.61,33418470,558793703
20250327,16.56,16.98,16.35,16.66,37235407,621207899
20250328,16.62,16.99,16.57,16.74,35361654,592408460
20250331,16.65,16.74,16.08,16.2,40101777,653953747
20250401,16.3,16.39,15.88,16,31692700,509315291
20250402,15.93,16.12,15.88,15.97,21262500,339877981
20250403,15.78,16.08,15.76,15.91,20367324,324298676
20250407,14.9,15.17,14.32,14.32,47780127,691611523
20250408,14.56,14.65,14.03,14.31,39938019,570720699
20250409,14,14.65,13.71,14.5,45725755,653402497
20250410,14.8,14.99,14.59,14.67,38109869,563474727
20250411,14.79,15.27,14.62,15.05,46199278,693067073
20250414,15.06,15.11,14.88,14.95,28478147,426090835
20250415,14.92,14.95,14.79,14.91,18475200,274357388
20250416,14.92,14.92,14.55,14.75,20494200,301349604
20250417,14.65,14.88,14.64,14.73,15312124,226046962
20250418,14.67,14.91,14.65,14.82,17776100,262841302
20250421,14.7,14.9,14.59,14.88,15859725,235009250
20250422,14.85,14.95,14.78,14.85,16345870,242717626
20250423,14.88,15.06,14.76,14.83,16571300,246137269
20250424,14.97,15.43,14.97,15.07,55390761,841117552
20250425,14.85,15.1,14.78,14.94,33375351,498409719
20250428,14.85,14.88,14.6,14.66,22369300,329034196
20250429,14.66,14.77,14.56,14.69,12665958,185941552
20250430,14.73,14.8,14.53,14.55,21801460,319299798
20250506,14.62,14.99,14.6,14.99,32134300,476962189
20250507,15.62,15.7,14.95,15.05,42448420,646245406
20250508,14.96,15.22,14.92,15.13,24724200,373483168
20250509,15.25,15.38,14.96,15.07,34742100,526243867
20250512,15.22,15.42,15.05,15.37,34332300,523309414
20250513,15.45,15.45,15.1,15.12,25139000,383317551
20250514,15.1,15.79,15,15.57,53383710,822890787
20250515,15.38,15.46,15.1,15.11,27161876,414182771
20250516,15.09,15.38,15.05,15.15,24223990,368342486
20250519,15.29,15.31,15,15.16,18325842,277857753
20250520,15.15,15.22,15.05,15.14,16573300,250714025
20250521,15.1,15.15,15.01,15.06,14664200,220899419
20250522,15,15.03,14.74,14.8,18234002,271115587
20250523,14.76,14.86,14.49,14.5,20612400,302119317
