日期,开盘价,最高价,最低价,收盘价,成交量,成交额
20210318,42.54,42.93,42.23,42.39,280580,11960636
20210319,42.12,43.3,41.95,42.83,423856,18157268
20210322,42.83,43.2,42.02,42.5,409433,17442859
20210323,42.61,42.88,41.62,42.11,429615,18115057
20210324,42.06,42.16,41.2,41.56,340579,14202101
20210325,41.27,41.69,41.19,41.25,310981,12865654
20210326,41.41,42,41.2,41.62,295854,12329644
20210329,41.62,42,41.21,41.46,313301,13008806
20210330,41.22,42.37,41.22,41.6,412883,17211826
20210331,41.93,42.3,41.47,41.9,333180,13938913
20210401,41.58,42.48,41.58,42.18,381796,16084854
20210402,42.18,43.17,42.18,42.88,388749,16626332
20210406,43.29,43.29,42.3,42.36,300978,12808157
20210407,42.69,42.7,41.82,41.83,349258,14726749
20210408,41.99,42,41.29,41.87,460853,19199712
20210409,41.8,42,41.2,41.69,252252,10493982
20210412,41.6,41.68,40.4,40.59,553271,22585196
20210413,40.69,41.22,39.78,39.99,444693,17978720
20210414,40.01,40.01,39,39.37,538376,21143019
20210415,39.11,39.66,38.9,39.41,298220,11720580
20210416,39.11,40.5,39.02,40.35,344198,13748923
20210419,40.3,42.22,40.16,42.02,826782,34618718
20210420,42.02,42.5,41.79,41.9,498190,20989410
20210421,41.79,42.58,41.78,42.22,385130,16297122
20210422,42.25,42.78,41.86,42.21,591881,25045313
20210423,42.73,42.73,41.82,41.85,555443,23472893
20210426,42.02,42.78,41.78,41.85,547062,23088621
20210427,41.79,41.79,40.61,40.9,461430,18923946
20210428,40.93,41.59,40.5,41.08,454750,18642331
20210429,41.09,41.41,40.56,40.6,390924,15959760
20210430,40.9,44.27,40.52,43.37,1639530,70467559
20210506,43.38,43.38,42.11,42.6,869914,36944215
20210507,42.5,45.95,42.5,44.5,1751619,78284919
20210510,44.47,46.69,43.75,46.39,1788026,81443378
20210511,46,46.43,45.14,46.33,1094435,50054639
20210512,46.3,46.56,45.2,46.35,761316,34936771
20210513,46,46.18,44.3,45,941799,42610673
20210514,45.01,48.14,44.8,47.81,1579026,74472510
20210517,47.93,49.52,47,49.02,1481302,71492321
20210518,48.8,49.53,48.03,48.72,1267468,62028227
20210519,48.5,49.69,47.8,48.7,924954,45003647
20210520,49.45,49.45,47.5,47.68,880096,42464171
20210521,47.68,48.19,46.9,46.9,528828,25126126
20210524,46.9,48.38,46.3,47.82,658489,31294125
20210525,47.98,48.8,47.01,47.75,820999,39208160
20210526,47.32,47.87,47.12,47.38,638611,30269896
20210527,47.46,48.06,47.27,47.68,653258,31112274
20210528,47.6,51.67,46.88,51.54,2486686,124103771
20210531,51.56,52.68,50.99,51.51,1717722,88977827
20210601,51.22,54,51.22,53.62,1597331,85145240
20210602,53.6,54.59,52.84,53,1002047,53656028
20210603,52.88,55.39,52.66,52.85,1858572,100247627
20210604,52.5,53.36,51.51,51.98,1056060,55276086
20210607,52,54.1,52,53.43,947871,50687697
20210608,53.43,53.96,52.2,52.31,679677,35904231
20210609,51.96,53,50.57,50.57,929980,47937042
20210610,50.69,53.21,50.5,53,1389922,72184727
20210611,53.26,54.71,52.5,52.53,935588,50091235
20210615,52.5,52.5,50.51,50.51,958352,49048765
20210616,50.38,50.66,47.9,47.95,1200983,58871913
20210617,47.82,48.96,47.8,48.15,746673,36067367
20210618,47.88,48.8,47.84,48.21,492821,23782075
20210621,47.71,50.08,47.62,48.89,976118,48187070
20210622,48.8,51.12,48.8,50.81,1006008,50779369
20210623,50.82,51.39,50,50.69,884820,44831256
20210624,50.3,50.95,48.36,49,1166890,57604691
20210625,48.93,50.06,48.93,49.73,742614,36865392
20210628,49.18,50.94,49.18,50.31,723616,36505638
20210629,50.36,50.54,49.18,49.35,615655,30605333
20210630,49.78,50.07,49.32,49.67,476098,23638089
20210701,49.42,49.48,48.05,48.09,709740,34627601
20210702,47.9,48.68,46.79,46.95,720218,34181383
20210705,47.24,48.2,46.8,47.33,655981,31131039
20210706,47.32,48.17,46.65,46.91,765713,36202987
20210707,46.89,46.91,45.6,45.78,958341,44085894
20210708,45.8,46.2,44.71,45.01,898714,40604690
20210709,45.29,50.53,44.8,50.13,2607515,125486700
20210712,49.01,50.99,48.73,49.71,1324262,66334891
20210713,50.42,59.65,49.51,59.2,5002930,279693586
20210714,59.7,59.7,56.21,57.41,3262886,188156927
20210715,58.11,62.53,56.58,60.61,3369642,205205483
20210716,60.46,62,59.22,60.29,1966941,119312648
20210719,60.86,62.66,60,60.33,1767325,108161502
20210720,60.37,66.69,60.08,64.54,3740044,240348480
20210721,64,64.77,62.39,64.08,2246564,142981416
20210722,64.1,68,63.66,67.7,2946602,195529671
20210723,67,69,61.5,62.55,4146212,268142650
20210726,64.1,65.09,59.5,60.4,3268684,202376588
20210727,60.39,61.44,57,58.06,2246236,133827320
20210728,58.91,58.91,53.53,55.79,1952552,109718751
20210729,55.79,59.7,55.79,58.84,1718870,100340745
20210730,58.92,63.97,57.6,62.45,2675615,163357533
20210802,65.61,71.98,63.58,69.27,3755063,255037392
20210803,69,72.95,68.03,70.53,3481605,246994407
20210804,70.51,71.68,68.09,70.12,2435313,170234335
20210805,71.11,73.48,68.9,70.25,2275556,161055388
20210806,69,69.78,67,67.33,1890760,128196118
20210809,68.68,68.68,66.4,66.77,1317244,88623958
20210810,67.02,70.76,66,69.87,1715812,117590417
20210811,70,72.9,68.67,69.99,2232810,158011350
20210812,69.22,69.93,66.83,67.03,1761950,119414003
20210813,66.88,68.16,66,67.44,1248805,83854271
20210816,67.48,67.86,61.71,61.78,2347429,148485656
20210817,61.8,63.88,60.3,61.38,1581205,97860236
20210818,61.39,62.78,57.65,58.6,2642564,156799200
20210819,58.35,59.6,58.08,58.86,948292,55930293
20210820,58.46,59.78,57,58.37,1118469,65261208
20210823,58.33,62.32,57.6,61,1664554,99861593
20210824,60.28,62.69,58.81,59.42,1715320,103555329
20210825,59.98,60.98,58.92,60.05,1098378,65994992
20210826,59.85,59.85,57.51,58,1524404,89064344
20210827,57.58,58.87,57.26,57.8,711798,41313446
20210830,57.5,57.8,52.19,52.5,3301233,178600874
20210831,52.99,53.97,51.43,51.7,1380362,72557956
20210901,52.19,53.8,50.12,53.11,1280610,66986868
20210902,53.94,53.94,50.81,51.25,1401378,72588206
20210903,51.9,53.55,50.64,51.52,1273499,66053951
20210906,51.01,53.3,51,52.66,956656,50048658
20210907,52.78,52.99,52.03,52.2,689368,36122955
20210908,52.8,52.88,51.46,51.65,950585,49378152
20210909,51.98,51.98,50.1,50.9,1064561,54110017
20210910,51.25,51.38,49.7,50.71,1007655,50607068
20210913,50.99,57.48,50.99,54.33,2500200,137423571
20210914,53.64,55.83,52.83,54.19,1406458,76125852
20210915,53.51,53.88,52.27,52.85,780528,41337206
20210916,52.85,53.49,51,51.38,709335,36862370
20210917,51.99,53.58,51.2,53.15,977085,51491259
20210922,52.65,54.98,52.1,53.44,774309,41691099
20210923,53.72,54.4,52.9,53.43,511966,27324014
20210924,53.03,53.96,52.8,53.06,469973,24997755
20210927,53.08,54.12,50.05,50.26,1316281,68005880
20210928,50.21,50.75,47.8,48.59,1399577,68425498
20210929,48.15,48.58,45.98,46.4,1436739,67472148
20210930,46.54,48.25,46.54,47.27,630860,29943331
20211008,47.27,48.97,47.06,47.49,623760,29972231
20211011,48.19,49.2,47.78,48.76,660182,32042923
20211012,48.95,48.95,47.31,47.7,493178,23681426
20211013,48.19,48.68,46.9,47.53,586072,27928571
20211014,47.89,48.68,47.12,47.66,491921,23436865
20211015,47.66,48,46.6,46.81,564197,26478920
20211018,46.85,47.86,46.1,47.86,624356,29374271
20211019,48.88,49,47.29,47.63,512904,24573841
20211020,47.51,48.1,46.37,46.6,719625,33660790
20211021,46.53,46.9,46.22,46.59,414457,19264097
20211022,46.6,46.87,45.73,46.14,371306,17105884
20211025,46.68,46.68,45.81,46.25,297198,13684471
20211026,46.11,46.49,45.03,46,1012305,46316695
20211027,45.56,45.56,44.15,44.15,703505,31433755
20211028,44.15,45.66,43.66,44.99,543559,24535682
20211029,44.97,45.95,43.88,45.56,481241,21683183
20211101,45.37,47.3,45.14,46.85,573244,26741552
20211102,47.24,48.03,46.6,46.75,870817,41244952
20211103,46.58,47.96,46.58,47.3,416495,19705982
20211104,47.87,48,47,47.66,339766,16181179
20211105,47.86,55.2,47.3,52.11,2158291,113132694
20211108,50.74,52.87,50.58,51.84,1150504,59474384
20211109,51.61,53.9,51.61,52.78,713109,37691690
20211110,53.5,56.28,52.49,55,1316796,72568157
20211111,54.9,55.49,54.06,54.68,664013,36222470
20211112,55,55.6,53.84,54.44,515518,28013997
20211115,55.49,57.46,54.47,56.56,1308853,73920866
20211116,56.76,57.29,55.81,55.97,914938,51666767
20211117,56.2,57.49,56.05,57.06,1034706,59044866
20211118,56.95,57.5,55.05,55.63,998174,55870784
20211119,56.06,56.68,53.86,54.77,950517,52188553
20211122,55.17,62.58,55.17,61.1,2930847,174561029
20211123,61,63.98,60.5,61.8,1632134,101915672
20211124,63.1,63.63,60.25,61.01,1165057,71382024
20211125,61.91,64.96,61.9,63.78,1869227,119012211
20211126,63.41,64.8,63.06,64.19,877179,56178837
20211129,65.97,65.98,63.46,64.64,1741931,112391214
20211130,64.2,65,62.2,62.98,1339231,84786482
20211201,63.14,63.14,61.1,61.65,963381,59601953
20211202,61.63,64.6,61.33,62.62,1480483,94140007
20211203,62.15,63.63,61.61,62.6,826394,51787159
20211206,62.61,63.63,60.86,60.91,1153466,71593748
20211207,60.94,61.89,57.74,58.28,1573681,92770568
20211208,59.15,59.23,57.55,58.82,629662,36879722
20211209,61.5,61.5,59.08,59.39,640820,38536726
20211210,59.98,60.68,58.18,59.4,993375,59099117
20211213,60.1,61.18,59.29,60.28,813812,48949043
20211214,60.02,61,59.63,59.7,563729,33882004
20211215,59.67,59.7,57.71,58.08,880404,51405652
20211216,57.99,59.2,57.85,58.25,559164,32613593
20211217,58.84,58.84,57.11,57.99,437654,25263677
20211220,57.31,58.65,57.18,57.94,525107,30537208
20211221,57.3,58.31,56.9,58.1,485922,28034696
20211222,58.1,59.67,57.98,58.95,482015,28471621
20211223,59.48,59.48,57.5,57.62,506987,29310319
20211224,57.62,58.32,56.58,56.6,503269,28670269
20211227,57.58,57.58,55.63,56.2,460155,25853977
20211228,56.2,57.29,55.81,56.78,295233,16735567
20211229,56.15,58.27,56.15,57.42,515576,29586411
20211230,57.99,58.41,57.1,57.88,401677,23270277
20211231,57.8,59.99,57.8,58.45,590771,34858270
20220104,58.45,59.94,58.45,58.88,764476,45172789
20220105,57.88,59.37,57.5,57.94,552890,32072814
20220106,57.5,58.8,57.5,57.52,364911,21156521
20220107,57.5,57.97,56.5,56.79,451607,25822987
20220110,57.67,58.12,56.2,57.34,432265,24801060
20220111,57.32,57.85,56.51,56.8,364906,20825823
20220112,56.67,57.84,56.21,57.69,532710,30476656
20220113,57.85,58.07,56.8,56.85,512069,29292862
20220114,56.5,61.6,56.27,60.76,1478000,88363511
20220117,60.6,62.17,59.71,61.05,1075573,65447599
20220118,61.05,61.46,57.7,57.9,1164735,68922141
20220119,57.26,64.46,57.13,62.51,2577799,159263444
20220120,63.16,63.73,60.91,61.5,1086625,67292080
20220121,61.03,61.06,57.82,58.34,1111972,65449109
20220124,58.3,58.99,56.93,57.39,555245,31951012
20220125,56.91,57.8,54.9,55.06,835402,46466325
20220126,55,55.55,52.23,53.27,691950,36990016
20220127,53.35,54.97,52.74,53.4,438945,23530240
20220128,53.4,54.3,52.72,53.02,433267,23153312
20220207,53.95,55.21,53.02,54.4,392429,21354068
20220208,54.3,54.4,53.06,54.24,333542,17925995
20220209,53.86,54.52,53.6,54.18,309918,16779900
20220210,53.9,54.49,53.2,53.28,322857,17297604
20220211,53.78,53.78,51.88,52,440515,23081444
20220214,51.86,53.42,50.89,51,367557,19115724
20220215,51.2,52.28,51.01,51.55,269567,13942544
20220216,52.36,52.52,51.4,51.8,224850,11652270
20220217,51.7,52.38,51.55,51.95,191763,9943481
20220218,51.18,52.19,51.18,52,264300,13703698
20220221,52,52.4,51.16,52.06,305495,15834367
20220222,52,52,50.3,50.76,417765,21281417
20220223,51,51.87,50.6,51.2,269855,13867992
20220224,51.22,53.49,51.21,51.44,694948,36313273
20220225,52,53.3,51.77,51.81,307958,16098348
20220228,52.59,53.21,51.52,52.32,425900,22287858
20220301,52.35,52.81,51.7,51.98,264555,13759184
20220302,51.99,52,51.09,51.41,228116,11757441
20220303,51.96,51.96,50.91,51,327088,16747783
20220304,50.55,51.59,50.36,50.99,298719,15211906
20220307,51.02,51.3,49.66,49.78,350017,17516269
20220308,49.82,50.06,48.41,48.89,344158,16895487
20220309,49,49.48,46.17,47.9,553526,26346647
20220310,49,49.45,48.42,48.6,310628,15203656
20220311,48.06,49.92,47.31,49.5,483863,23397620
20220314,48.05,51.36,48.05,49.53,503335,25321200
20220315,48.62,49.44,46.7,47.03,459749,22191370
20220316,48.02,48.03,45.51,47.6,526992,24629035
20220317,48.4,50.25,47.8,49.03,503199,24733055
20220318,49,49.57,48.69,49.05,244983,12045119
20220321,50.28,50.94,48.71,50.48,533719,26566949
20220322,52.53,59.8,52.53,57.01,3362976,192600237
20220323,57,61.5,57,58.2,2742995,163044278
20220324,56.7,57.75,55.72,56.65,1716657,97143521
20220325,55.2,57.45,54,54,1238899,68398961
20220328,54,54.86,51.85,52.02,800228,42345024
20220329,52.01,52.75,51.37,51.53,576484,30051304
20220330,51.71,52.5,51.06,52.07,494961,25730897
20220331,51.58,52.79,51.22,51.9,393723,20443245
20220401,51.8,51.8,50.2,50.34,793900,40404385
20220406,50.78,50.97,48.37,48.78,950378,46871635
20220407,48.78,48.95,47.06,47.16,669876,31899757
20220408,47.29,47.76,46.15,46.3,534187,24906221
20220411,46.4,46.93,45.4,45.73,581428,26691405
20220412,46.33,46.46,45.23,46.31,397006,18215483
20220413,46.5,46.7,44.88,45.82,425735,19452099
20220414,46.4,46.83,45.39,45.84,668705,30697121
20220415,45.84,45.84,44.79,45,398347,18006014
20220418,45,45.74,43.71,45.58,359239,16067156
20220419,46.27,46.28,44.14,44.14,361413,16146207
20220420,44.5,44.5,43.7,43.97,243266,10724264
20220421,43.9,44.25,41.71,41.75,574212,24608676
20220422,41.69,42.29,41.03,41.76,408416,16994126
20220425,41.66,44.99,40.12,41.24,815539,34553826
20220426,42.5,42.99,40.6,41.05,481208,20061752
20220427,40.4,43.6,40.4,43.37,973882,41540242
20220428,45,46.49,43.5,43.96,771476,34534447
20220429,43.96,45.67,43.96,45.58,737208,33155237
20220505,45.58,46.39,44.61,45.7,763277,34790580
20220506,44.66,46.26,44.52,45.39,496568,22554147
20220509,45.39,47.37,45.39,46.2,657372,30546241
20220510,45.69,47.47,45.13,45.88,679462,31193709
20220511,46.04,48.5,45.89,47.57,984875,46921675
20220512,47.27,47.8,46.81,47.2,438261,20695317
20220513,47.2,47.5,46.46,46.49,372234,17403708
20220516,46.91,47.17,46.08,46.15,338969,15796444
20220517,46.15,46.8,45.35,46.2,394794,18207325
20220518,46.2,46.8,45.6,46.44,386970,17881275
20220519,46.58,49,46,48,787411,37531666
20220520,48.68,51.2,46.8,49.5,1502401,73042234
20220523,49,50.15,48.8,49.04,878471,43527466
20220524,48.5,49.85,48.09,48.09,834887,40797315
20220525,48.1,50.88,47.2,49.78,1174279,57945245
20220526,50,50.61,49.51,49.7,636398,31905296
20220527,49.78,50.29,48.2,49,752563,36887894
20220530,49.3,49.79,48.03,48.62,449405,21943437
20220531,49.26,50.65,48.33,50.1,971466,48428690
20220601,50,51.97,50,51.15,1259932,64586032
20220602,51.16,51.55,50.02,51.17,706384,36119121
20220606,51.17,52.18,50.73,51.23,1059438,54330743
20220607,51.51,52.2,51.19,51.7,815440,42109165
20220608,51.7,52.48,51.31,52,876751,45494119
20220609,51.99,53.29,51.77,52.45,1029160,54042995
20220610,52.18,54.69,52.18,53.28,1204034,64384730
20220613,52.51,54.2,52.51,53.83,1076774,57717767
20220614,53.83,54.24,52.23,52.79,718923,38143673
20220615,52.56,53.5,52.32,52.41,764928,40414515
20220616,52.89,52.9,51,51.43,910085,47136469
20220617,52.4,53.4,51.8,53.15,1103421,58223385
20220620,53.17,53.97,52.8,53.2,726717,38777487
20220621,54.93,55.83,53.53,53.63,1205856,66061419
20220622,53.65,54.43,52.85,53.11,621925,33160055
20220623,53.88,53.93,52.38,53.33,881495,46879340
20220624,53.38,54.54,53.38,54.06,635757,34402588
20220627,54.1,54.93,52.4,52.91,1183692,63252619
20220628,53,53.39,51.4,53,867561,45432351
20220629,52.69,52.98,51.5,51.8,849177,44171919
20220630,51.74,52.77,51.52,51.73,569385,29655875
20220701,51.74,52.18,51.61,52.02,337865,17549345
20220704,52.02,54.54,51.82,53.99,1177828,62909171
20220705,54.31,55.28,53.51,54.4,820030,44493062
20220706,54.5,57.44,54.47,56.69,1146693,64576924
20220707,57.44,57.5,55.7,56.35,788652,44587535
20220708,56.76,57,55.83,56.36,504199,28490481
20220711,56.36,56.76,55.74,56.08,511648,28783375
20220712,56.54,57.23,55.32,56.08,843287,47553302
20220713,56.08,56.56,55,55.31,554629,30844412
20220714,55.01,56.2,54.5,55.48,412728,22980128
20220715,55.5,55.5,54.12,54.14,465396,25456482
20220718,54.14,56,53.78,54.68,757358,41682733
20220719,55.12,56.15,54.58,55.64,721627,40235296
20220720,55.49,57.57,55.49,57.11,747409,42618808
20220721,57.16,57.44,55.6,55.8,551179,31108189
20220722,55.99,56.58,54.75,55.86,673801,37620634
20220725,56.3,57.3,55.7,55.83,471682,26612045
20220726,56.29,56.3,55.02,55.24,319669,17696887
20220727,55.26,55.59,55,55.35,313083,17290089
20220728,55.87,56.95,55.21,56.61,573456,32376614
20220729,57.5,57.5,55.68,55.97,575798,32422283
20220801,55.89,56.79,55.55,56.22,473821,26630559
20220802,56.22,56.35,53,54.55,905051,49373077
20220803,54.93,56.16,54.5,55.03,819222,45425678
20220804,55.49,56.5,53.77,54.12,578313,31668489
20220805,54.05,54.95,54.03,54.61,590666,32121993
20220808,55.01,55.92,54.36,54.6,360712,19844555
20220809,54.6,54.64,53.88,54.5,348776,18907559
20220810,54.5,54.84,54,54.3,269241,14644139
20220811,54.31,54.99,54.19,54.86,349494,19065994
20220812,55.07,55.58,54.41,55.1,462432,25418630
20220815,55.1,56.2,54.65,55.3,503405,27966576
20220816,55.29,55.41,54.1,54.3,593210,32414196
20220817,54.3,54.54,53.81,54.3,256226,13861439
20220818,54.5,54.5,53.68,54.07,280452,15129328
20220819,54.03,54.77,53.83,53.85,346915,18844675
20220822,54.05,54.34,52.95,53.47,318558,17044772
20220823,53.47,53.65,51.51,51.6,662353,34520934
20220824,52.5,52.96,49.62,49.76,913702,46459655
20220825,50.29,50.51,48.5,50.19,604769,30053529
20220826,51,52.34,50.3,50.95,576583,29509841
20220829,50.88,51.72,49.7,50.1,462745,23334099
20220830,50,50.7,49.58,50.01,286144,14354482
20220831,50.42,50.9,50,50.63,534077,26939034
20220901,50.01,53.38,50.01,51.65,695238,36256152
20220902,51.65,52.25,49.7,49.89,702865,35361456
20220905,49.51,50.46,49.41,50.17,405764,20289457
20220906,50.44,50.47,49.5,50.2,353318,17693472
20220907,50.86,50.86,50,50.35,270880,13613358
20220908,50.35,52.01,50.05,50.75,433143,22094920
20220909,51.21,51.79,49.95,50.52,274572,13829291
20220913,51.08,51.09,49.92,50.02,376908,19028219
20220914,49.49,50.18,49.01,50,254808,12666957
20220915,50,50.48,48.82,48.98,312197,15464354
20220916,49,49.49,47.41,48.19,451851,21870643
20220919,48.5,48.7,46.88,47,305209,14500231
20220920,47.19,47.75,46.37,47.52,439208,20621526
20220921,47.1,47.28,46.31,46.97,271137,12711824
20220922,46.5,47.35,46.5,47,192664,9058094
20220923,47,47.41,45.06,45.26,411367,18863900
20220926,45.01,45.78,44.4,45.78,360081,16317003
20220927,45.78,47.12,45.68,47.09,349287,16232380
20220928,46.66,49,46.66,47.12,800756,38321952
20220929,47.12,48.5,46.91,47.1,737859,35268312
20220930,46.9,47.87,46.71,47.3,368898,17428886
20221010,47.8,47.88,45.05,45.49,423873,19667952
20221011,45.36,46.85,45.36,45.88,471400,21801553
20221012,46.38,46.5,44.92,46.18,362961,16541098
20221013,46.8,50.14,45.89,49.6,1101741,52787831
20221014,49.08,50.67,48.61,50.35,1142587,56903450
20221017,49.85,51.46,49.81,51.43,712671,36403230
20221018,52.44,59.41,52.2,57.7,3027645,170533707
20221019,56.9,57,52.44,52.93,2122533,114938957
20221020,52.94,55.2,52.8,53.4,1349970,73111408
20221021,54.38,54.56,52.88,54.3,917792,49448434
20221024,56,57.5,53.54,54.23,1415309,78536783
20221025,54.9,55.98,53.5,55.1,1245649,68385601
20221026,55.49,60.2,55,59.6,3205566,188313920
20221027,59.52,60.44,55.91,56.47,2219204,127770927
20221028,56.47,57.3,54.81,55.11,1759773,98493533
20221031,55.27,56.74,54.28,54.5,1397204,77396146
20221101,55.52,58.4,54.28,58.12,2303911,130594766
20221102,58.22,69,57.59,66.21,6595588,426653891
20221103,63.7,67.2,62.21,65.46,3451439,224234881
20221104,65.5,69.2,65.18,67.54,2360024,158534301
20221107,68.11,68.61,66.63,67.38,1363649,92195711
20221108,67.99,70.48,67.56,68.85,1822786,125781138
20221109,68.85,69.44,68.17,68.9,1276757,87857173
20221110,68.98,70.95,68.4,68.49,2276366,158689954
20221111,78.11,79.98,73.05,73.8,7041065,540712534
20221114,73.9,79.23,71.31,78.26,6029276,457204010
20221115,79.24,84.66,78.15,84.23,5006497,405314108
20221116,90,91.88,83.82,86.2,5762719,501671005
20221117,85.11,88,83.88,86.2,2661487,227749562
20221118,86.4,95.2,86.4,94.27,4346859,399183736
20221121,93,97.21,89.7,92.68,3431073,320431021
20221122,93.4,95.58,85.71,87.06,5406279,484743404
20221123,86.23,88.22,84.71,86.88,3026428,260756631
20221124,86.75,88,83,85.38,3691383,315916258
20221125,86,86.1,82.82,85,1970513,166854767
20221128,84.6,86.8,82.54,83.03,1967522,164603396
20221129,82.4,87.49,82.4,86,3401622,288246010
20221130,85,85,77.69,77.69,4609760,366905841
20221201,77.9,79.5,73.74,74.23,4973393,375089764
20221202,74,75.19,73.68,75,2511281,187407699
20221205,84,85,73,74.4,8751209,686029220
20221206,71.8,72.44,64.76,68.15,9054737,613817025
20221207,67.52,70.35,66.25,69.67,4198178,287799282
20221208,69.09,70.21,67.18,67.32,3522432,240190945
20221209,67.4,69.5,66.5,68.25,3089296,210350168
20221212,68.67,69.37,66.6,66.83,3046793,205639330
20221213,66.92,68.04,65.74,67.91,2751562,184665497
20221214,67.8,70.5,65.71,68.52,4477396,304942208
20221215,68.73,70,67.09,67.2,2689051,183459795
20221216,67.5,69.58,66.14,68.05,2503888,170003708
20221219,67.66,67.68,63.05,63.86,3528030,227825630
20221220,63.22,64.66,62.01,63.6,2090777,132999382
20221221,64.07,64.07,62.21,62.37,1802242,113380995
20221222,62.8,63.75,61.4,62,1496518,93583317
20221223,62.5,62.57,60.6,62.43,1326535,81891810
20221226,62.8,63.45,60.01,60.45,2248764,137201635
20221227,60.57,60.59,58.78,59.53,2212377,132060840
20221228,59.87,61,59.2,60.3,2114873,127310932
20221229,60.29,63.09,59.9,61.23,2275093,140665843
20221230,61.23,61.99,60.4,60.6,1059991,64739410
20230103,60.6,61.66,60.06,61.24,1865041,113746949
20230104,60.93,67.34,60.93,66.65,4436670,284880432
20230105,66.01,67.17,64.3,65.6,3590588,235845352
20230106,65.21,65.61,63.66,64.76,2103230,136001732
20230109,66,70.5,65.61,68.42,3310380,228477368
20230110,68.39,73.88,67.86,73.44,3910778,281444813
20230111,73.27,73.45,69.91,70.28,3348762,239071134
20230112,70.06,71.44,69.56,70.76,1635506,115501460
20230113,70.46,73.45,70.06,71.97,1715781,123428744
20230116,71.98,73.97,71.28,72.7,2117464,154607799
20230117,72.7,75.59,71.38,75.08,2586359,191373075
20230118,74.52,76.25,72.45,72.85,2060156,153199017
20230119,72.41,75.39,72.14,74.5,1274581,94610101
20230120,76.49,76.81,74.6,75.28,1476773,111904066
20230130,74.2,76.79,73.5,75.7,2249027,168661492
20230131,75.51,75.51,69.68,70.49,4174129,299560888
20230201,70.84,71.25,69.6,70.62,2182240,153609462
20230202,70.6,73.21,68.88,71.95,1901823,136587305
20230203,73,77.28,72.8,74.7,3654535,276003605
20230206,74.87,74.87,68,69.4,3529911,246664555
20230207,69.2,71.3,68.9,70.23,1869588,130984007
20230208,70.93,71.67,69.69,70.61,1471358,104174494
20230209,70,73.45,70,73.22,1836051,132788357
20230210,72.61,74.83,72,73.9,1491734,109990498
20230213,73.6,75.4,72.71,73.9,1246957,92605907
20230214,73.43,74.7,73.21,74.46,858180,63608823
20230215,74.11,76.57,72.25,75.5,2289910,171598779
20230216,75.17,75.56,72.7,72.86,1686595,124592645
20230217,72.76,74.85,72.3,74.7,1514743,111925072
20230220,74.47,75.16,73.4,74.2,1366601,101246407
20230221,74.56,74.56,70.9,71.3,1741396,125169248
20230222,71.02,72,70.49,71.05,954003,68051046
20230223,71.04,72.49,69.34,69.7,2156744,152023767
20230224,70.08,70.89,69,70.74,1002823,70563685
20230227,70.38,70.73,66.9,67.28,2298967,156214746
20230228,67.31,69.5,67.31,69.4,1283076,88138186
20230301,69.47,69.47,66.68,67.27,1522181,102708332
20230302,67.27,67.7,66.12,66.3,955229,63530835
20230303,66.62,67.48,66.04,66.39,613467,40863397
20230306,67.01,69.3,66,68.65,1656216,112646149
20230307,68.7,69.5,67.04,67.2,758671,51528367
20230308,68.4,68.4,66.66,67.05,699285,47152210
20230309,67.4,69.33,67.25,67.63,842129,57439081
20230310,66.78,67.49,66.04,66.9,840350,56167469
20230313,66.88,66.88,65.31,66.02,828301,54563316
20230314,65.88,68.4,65.48,67.79,1277536,85800009
20230315,67.01,69.77,67.01,67.89,1194231,81694780
20230316,67.89,68.28,65.78,66.11,767416,51009310
20230317,66.5,66.9,65.56,65.6,548631,36175697
20230320,65.6,66.01,62,62.4,2513175,158421989
20230321,63.68,63.68,61.66,62.27,1176768,73406133
20230322,62,64.22,62,63.23,1017266,64632339
20230323,64.4,65.7,63.7,64.4,1140148,73531701
20230324,63.92,65.78,62.68,62.9,892393,57147145
20230327,63.49,63.49,61.61,61.8,1303536,81057867
20230328,61.9,62.97,61.5,62.16,952135,59321061
20230329,62.39,62.84,59.89,60.77,1173256,71361250
20230330,60.77,63,60.08,62.68,1452866,90213422
20230331,62.4,63.68,61.41,61.53,927881,57679164
20230403,62.17,62.69,60.66,60.75,1124298,68830258
20230404,61.1,61.33,60.07,60.72,1246114,75579970
20230406,60.57,62.3,60.04,61.22,1383292,84144781
20230407,61.22,66.6,61.22,64.19,2909397,188825808
20230410,65.14,67.44,64,66.66,2087662,138210230
20230411,66.8,72.89,66.8,71.38,3318667,236191501
20230412,70.6,71.64,69.83,70.93,1362578,96246717
20230413,70.65,75.47,70.65,73.5,2468874,181922334
20230414,73.8,75.8,73.11,73.46,2463434,182987197
20230417,72.9,75.54,72.72,75.01,1896422,141460546
20230418,75.01,75.75,74,74.49,1135972,84786055
20230419,74.39,75.07,72.73,73.4,1754642,129403559
20230420,73.3,74.6,72.8,73.5,1103996,81166344
20230421,73.1,77.88,72.83,77.18,2857587,216505067
20230424,77.26,79.46,72.83,73.49,2747121,205924809
20230425,73.09,73.8,70.31,71.31,1570435,112771124
20230426,69,71.96,68.8,69.39,1685819,117891190
20230427,68.77,69.92,67.99,68.64,1436010,98471512
20230428,68.36,70.8,67.73,69.5,1156541,80401684
20230504,68.91,69.59,65.53,67.16,1849647,123899081
20230505,67.16,67.7,63.7,65.16,1924755,124754057
20230508,65.45,65.45,62.72,63.15,1843229,116771724
20230509,64.1,64.8,62.8,64.2,1627367,104106086
20230510,63.8,64.58,59.6,61.3,4245346,259091199
20230511,62.23,62.48,60.1,60.16,1198040,73118933
20230512,60.5,62.3,60.3,61.36,1464690,89695429
20230515,61.64,61.95,60.22,61.71,1063683,65154880
20230516,61.99,65.15,61.6,63.67,2405784,152507701
20230517,63.28,64.2,61.3,61.81,1456472,90809918
20230518,61.67,62.5,60.9,62.22,1330618,82206292
20230519,61.99,65.5,61.58,62.89,2300315,145965888
20230522,63.4,64.3,62.3,63.5,1067220,67558489
20230523,63.55,65.46,63.51,64.2,1666132,107715374
20230524,64,64.8,60.56,63.12,2021868,126058657
20230525,63.12,63.52,62.05,63.12,724875,45507683
20230526,63.12,64.35,62.8,64.1,809434,51647893
20230529,65.94,69.8,65,66.59,3022275,204255217
20230530,66.84,67.88,65.78,66.98,1558908,104145597
20230531,67,67.1,65.02,65.02,889670,58603966
20230601,64.98,65.8,63.88,64.14,1000521,64805933
20230602,64.15,64.95,63.69,64.46,1035595,66594431
20230605,64.38,64.5,62.55,63.89,742228,47235318
20230606,63.9,63.91,61.8,61.93,1027100,64425419
20230607,62.22,62.85,60.38,60.47,1061160,64568859
20230608,60.47,61.95,59.73,60.93,1765943,107769601
20230609,60.67,64.5,60.5,63.54,4441774,279862708
20230612,63,63.71,61.31,62.65,2818090,175503478
20230613,63.53,64.2,61.95,61.96,1371365,86213884
20230614,62.2,63.15,61.75,62.26,873811,54529924
20230615,62.47,62.84,61.6,61.68,729122,45266868
20230616,61.97,62.45,61.02,61.75,574503,35382882
20230619,62.1,62.1,60.66,60.86,818226,50014222
20230620,61.55,61.81,59.9,60.38,907323,54873960
20230621,61,61,58.52,58.52,987550,58679166
20230626,58.53,59.69,58.39,58.85,692653,40816203
20230627,58.02,59.24,57.2,57.25,730718,42527808
20230628,57.3,57.9,56.06,57.06,917926,52098929
20230629,57.03,57.39,55.59,55.66,864621,48645329
20230630,55.64,57.66,55.59,56.74,617812,34989801
20230703,57.19,57.6,56.41,57.2,663964,37956679
20230704,57.39,59.73,56.5,58.65,1638449,96147002
20230705,58.65,60.48,56.8,60.02,1452985,86071245
20230706,59.81,60.6,59.5,59.99,691660,41458733
20230707,59.99,60.61,58.8,60,534181,31946530
20230710,59.7,60.45,59.4,59.59,302866,18082481
20230711,60.09,60.1,58.58,59.6,404837,23943235
20230712,59.18,60.13,58.8,59.5,412548,24561853
20230713,59.81,60.4,59.3,59.67,524531,31404846
20230714,59.85,59.87,59.14,59.38,218917,13012816
20230717,59.97,59.97,56.88,57.05,666153,38373865
20230718,57.37,58.25,57.02,57.33,424537,24382937
20230719,57.46,57.69,55.82,55.98,576497,32622868
20230720,56.34,56.36,54.94,54.95,435652,24182075
20230721,54.98,56.11,54.82,55.26,348255,19285278
20230724,55.26,57.25,54.77,55.97,470260,26328978
20230725,56.3,56.81,55.56,56.55,494490,27804656
20230726,56.88,59.07,55.93,58.52,813552,47166826
20230727,58,59.16,58,58.42,534718,31368769
20230728,58.01,59.17,56.6,58.6,754046,43803932
20230731,59,59.86,57.2,57.4,849679,49465343
20230801,57.99,57.99,54.28,54.58,1660293,91931680
20230802,54.9,55.1,54.06,54.45,1233396,67337128
20230803,54.45,55.48,54.09,55.11,580119,31853924
20230804,55.66,55.77,53.87,53.99,978876,53223029
20230807,53.98,53.98,49.78,51.6,1939995,99534061
20230808,50.99,52.36,50.99,51.8,1071527,55486915
20230809,51.5,53.76,51.5,52.86,1088648,57545424
20230810,52.65,53.95,52.5,53.5,998881,53402561
20230811,53.41,54.48,53.41,54.29,845592,45786869
20230814,53.73,54.85,53.24,54.63,724348,39219594
20230815,54.35,55,53.89,54.55,818064,44504678
20230816,54.05,55.28,54.05,54.74,611467,33552178
20230817,54.45,55.36,53.26,53.93,884492,47656274
20230818,53.94,54.4,52.47,52.7,709622,37721802
20230821,53.17,53.97,52.51,53.29,729198,38895718
20230822,52.88,53.78,51.39,51.63,955130,49725367
20230823,52.93,54.94,52.17,52.52,1726116,92074119
20230824,52.82,56.5,52.66,55.15,1706749,93154375
20230825,55.43,56.25,54.61,55.5,1043366,57781364
20230828,61,61,57.01,58.37,2360326,138032491
20230829,57.7,59.76,57.61,59.25,1367852,80512655
20230830,59.99,60.16,58.7,58.98,954887,56808166
20230831,59.19,59.22,57.1,58,1066331,61572068
20230901,58.4,58.4,54.2,54.58,1703946,94567748
20230904,55.06,55.16,52.5,53.07,1483641,79125524
20230905,52.83,53.36,52.61,53.05,776851,41240192
20230906,53.08,53.08,51.28,51.44,1062577,55058364
20230907,51.6,51.96,51.1,51.46,721221,37137558
20230908,51.5,52.45,51.09,51.99,859545,44672419
20230911,52.15,54.13,51.61,53.61,1168994,62367078
20230912,53.36,54.87,52.77,54.36,904943,48940535
20230913,54.36,54.9,53.35,54.49,1351547,73385174
20230914,54.73,54.97,52.81,53.21,978448,52342478
20230915,53.26,54.87,52.89,53.89,1770693,95719974
20230918,53.81,54.96,53,54.45,1109082,60178877
20230919,54.89,54.9,53.4,54.2,866879,46836611
20230920,54.07,54.47,52.9,53.01,672556,35861922
20230921,52.65,52.71,51.81,51.9,667655,34792918
20230922,51.82,52.8,50.8,52.6,905175,46887075
20230925,52.94,52.94,52.02,52.62,867616,45540034
20230926,52.25,53.53,52.01,52.46,697951,36828086
20230927,52.46,54.48,52.31,54.1,1106311,59638915
20230928,54.13,54.31,53.6,53.85,706203,38051641
20231009,53.85,54.19,52.6,53.05,1079815,57438083
20231010,53.2,53.29,51.9,52.13,798913,42033879
20231011,52.01,53.95,52.01,52.7,1119930,59413967
20231012,53.45,54.27,52.49,52.6,1409767,74668934
20231013,52.66,52.88,51.1,51.36,1734234,89823104
20231016,51.77,52.18,49,49.19,1422588,71165416
20231017,49.2,50.2,48.62,49.22,1598793,78574785
20231018,49.2,49.2,48,48,688715,33278026
20231019,47.89,48.68,46.6,47.18,1040196,49423590
20231020,46.75,47.83,46.04,46.2,1132442,52911932
20231023,45.28,47.15,45.28,45.99,1034754,48038649
20231024,45.93,47.66,44.66,45.74,1412063,64699582
20231025,45.88,46.62,45.45,45.61,1079505,49674502
20231026,45.1,45.88,44.46,45.01,1341286,60244580
20231027,44.96,47.19,44.84,46.79,1823166,84721906
20231030,47.5,50.38,47.25,48.79,3458313,170754304
20231031,49.66,50.18,48.51,49.64,1699669,84256231
20231101,49.91,50.31,48.68,49.9,1365891,67761552
20231102,49.6,50.34,49.2,49.8,1382070,68855989
20231103,50,50.3,49.46,49.83,2159687,107697390
20231106,50.49,52.67,50.01,50.96,3136542,160950725
20231107,51.19,53.07,51.1,52.23,3112554,162844294
20231108,52.16,53.1,51.62,52.23,2438548,127703769
20231109,52.11,53.95,52.11,52.52,2347613,124616497
20231110,52.15,52.89,51.84,52.7,1471986,77440252
20231113,53,53,50.01,50.3,2602021,132310897
20231114,51.5,51.5,50.22,51.01,1783797,90785515
20231115,51.54,51.87,50.54,51.2,1338046,68480509
20231116,51.36,51.42,50.45,50.98,1116548,56794043
20231117,50.7,51.19,50.48,50.9,901640,45837344
20231120,50.79,51.61,50.7,50.79,1243325,63597361
20231121,50.72,51.36,50.11,50.5,1370105,69636121
20231122,50.66,50.82,50.1,50.11,1062299,53528459
20231123,49.92,50.85,48.39,49.06,2351653,115478415
20231124,49.01,49.46,48.33,48.44,1187282,57784916
20231127,48.13,49.49,47.93,49.2,1199154,58530071
20231128,48.63,50.59,48.41,50.44,1398525,69756745
20231129,50.44,51.18,49.4,49.49,1131700,56756074
20231130,49.49,50.1,49,49.99,802437,39827824
20231201,50.5,51.96,49.51,51.76,2067736,105091189
20231204,51.98,51.99,49.01,49.53,2461256,122821755
20231205,49.98,50.29,48.55,48.79,1102718,54208994
20231206,48.7,51.68,48.7,50.99,1939659,97751275
20231207,50.98,50.98,49.38,49.88,1252249,62644997
20231208,49.34,51.11,49.26,50.05,1608813,80683404
20231211,49.66,50.82,48.42,49.75,1366817,67359574
20231212,49.8,50.89,49.62,50.22,1065175,53491608
20231213,50.23,52.48,50.1,51.34,2030018,104996300
20231214,51.58,53.6,51.58,53.16,2352354,124626445
20231215,53.01,54.14,52.01,52.2,2428597,129002305
20231218,53.1,56.07,53.1,53.8,3621631,198372725
20231219,53.73,56.2,52.95,56,3072224,168840810
20231220,56.2,56.5,54.6,55,1816470,100368457
20231221,54.5,55.15,54.25,54.57,1603639,87619751
20231222,54.55,54.86,52.72,53.05,2081670,111343559
20231225,53,53,47,49.67,4767778,236763990
20231226,50.08,51.28,49.12,50.28,1628447,81746548
20231227,50.26,50.85,49.13,50.52,1233535,61799446
20231228,49.9,53.49,49.9,52.93,2008413,104587910
20231229,52.91,55.18,52.85,53.87,1630427,88176150
20240102,53.91,54.71,53.26,54.03,1622645,87670286
20240103,53.99,55.87,53.28,53.63,2087623,113299384
20240104,53.08,54.68,52.5,54.1,1710739,91491879
20240105,53.4,54.26,52.13,52.36,1303221,69006338
20240108,52.09,52.39,50.55,50.64,1683775,86259422
20240109,50.13,51.29,50.01,51.08,1451484,73750764
20240110,51,53.77,50,52.02,1953163,102265446
20240111,52.8,54.15,51.47,53.54,1797806,95953400
20240112,53.38,54.5,51.43,51.68,2239712,118769589
20240115,51.5,52.2,49.65,50.1,1732230,88109895
20240116,50.3,50.46,48.2,49.14,2074449,101709388
20240117,49.14,49.2,46.94,46.94,1204736,57586999
20240118,46.96,47.21,44.62,46.16,2028052,92345022
20240119,45.69,48.25,45.69,47.32,1582199,75384497
20240122,47.32,47.91,43.4,43.96,2148434,96821833
20240123,43.91,44.4,43.3,43.71,1368501,60075375
20240124,44.22,44.29,41.67,43.02,2165754,92155472
20240125,43.18,44.69,42.49,43.74,2337938,102510862
20240126,42.89,44.9,42.79,43.85,1874381,82651616
20240129,43.66,44.36,41.8,41.88,1698024,72493558
20240130,41.69,42.96,40.3,40.3,1474033,61106681
20240131,40.24,40.55,37.4,37.44,3075227,118893993
20240201,37.56,40,37.22,38.9,2660548,102932762
20240202,39.5,39.78,36.31,37.5,2232591,84669226
20240205,37,37.66,34.49,35.19,2725663,98186744
20240206,34.34,40.48,34.34,40.36,3049201,114982787
20240207,40.58,44.87,40.58,44.87,3708000,161505965
20240208,44,48.4,44,45.55,3539973,165319788
20240219,46.49,46.49,42.08,42.88,3017625,130717231
20240220,42.6,43.35,41.8,42.57,1948056,82603174
20240221,41.88,44.79,41.88,42.66,2086023,90593955
20240222,42.66,43.89,42.1,42.62,1930538,82401027
20240223,42.65,42.97,41.88,42.45,1634814,69029370
20240226,42.44,44.59,41.4,43.99,2851024,122947520
20240227,43.62,44.94,42.72,44.77,2203599,96287300
20240228,45.1,46.32,42.66,42.76,2348007,105114999
20240229,42.86,43.79,42.48,43.59,2115212,91252524
20240301,43.6,43.6,42.62,43.45,1480965,63821021
20240304,43.45,44.84,42.93,43.83,1874995,82225531
20240305,43.66,44.48,42.25,42.48,2452488,105882090
20240306,42.18,42.52,40.75,41.8,1783080,74176334
20240307,41.59,41.87,40.41,40.59,1921270,78990806
20240308,40.99,41.12,40.1,40.74,1368147,55488322
20240311,40.75,42.5,40.73,42.39,1775208,74261832
20240312,42.85,43.34,42.28,43.07,1635594,70267262
20240313,42.51,43.49,42.3,42.95,1482120,63622223
20240314,46,46.64,43.68,43.9,4401420,198064902
20240315,44.39,45.48,43.8,45.1,2284521,102353417
20240318,45.11,45.29,43.7,45,1436763,64049491
20240319,44.68,46.12,44.26,45.3,1601138,72364580
20240320,44.86,45.48,44.63,45.16,1005016,45195172
20240321,45.25,45.48,44.15,44.21,1149137,51191323
20240322,44.02,44.46,42.81,42.94,1133910,49101535
20240325,42.51,43.19,41.05,41.47,1136708,47743288
20240326,41.4,42.09,40.93,41.04,1136881,47090428
20240327,41.04,41.61,40.48,40.48,1164358,47749142
20240328,40.48,41.92,40.11,40.78,1111060,45631511
20240329,40.62,41,39.9,40.99,1156214,46757810
20240401,41.3,41.95,40.9,41.59,1058761,43850654
20240402,41.53,41.85,40.66,41.14,1081657,44369573
20240403,40.91,41.29,40.26,40.42,1420296,57812672
20240408,40.28,41.01,39,39,1176403,46551877
20240409,39.07,40.32,38.56,40.22,1190996,47034030
20240410,40.65,40.65,38.71,38.88,1211964,47692431
20240411,38.9,39.58,38.52,38.88,1047665,40928632
20240412,38.77,39.5,38.04,38.27,1079852,41555769
20240415,38.17,38.8,37.01,37.6,1718196,64946735
20240416,37.7,38.55,36.88,37.01,1865506,69906166
20240417,37.1,38.73,36.8,37.31,1829041,68495281
20240418,43,43.89,41.61,42.84,6026457,257467516
20240419,42.25,44.34,41.88,43.43,3894521,169338237
20240422,43.18,45.43,43.18,44.9,3511989,157340408
20240423,44.72,47.44,44.35,46.8,4096231,189733404
20240424,46.38,47.22,45.99,46.6,2422011,112508077
20240425,46.5,47.88,46.25,47.06,2486847,117338075
20240426,46.98,49.94,46.48,49.75,3433028,168033215
20240429,49.1,51.35,48.94,49.3,3543246,177096079
20240430,49.3,50.14,48.81,49.84,2062440,102336210
20240506,50.11,51.43,49.76,50.25,2512017,126588081
20240507,50.01,50.9,49.48,49.88,2268059,113310703
20240508,50.16,50.61,49.3,50.32,2361214,117818134
20240509,49.81,52.6,49.8,50.68,3220114,165358867
20240510,51,51,48.99,49.44,2975138,148450851
20240513,49.3,50.45,48.5,48.73,3099172,153537308
20240514,49.14,49.17,48.43,48.6,1558016,76020683
20240515,48.32,48.88,46.74,47.25,2086751,99145170
20240516,47.5,47.56,46.5,47.11,1516777,71179822
20240517,46.6,47.1,46.18,46.99,1404389,65506031
20240520,46.79,47.26,45.91,46.44,1914498,89159068
20240521,46.39,46.88,45.68,45.89,1107764,50973747
20240522,45.53,47,45.53,46.8,1631195,75870776
20240523,46.89,47.16,45.35,45.5,1469067,67806937
20240524,45.57,45.94,44.56,44.58,1057794,47617125
20240527,44.5,44.6,43,44.48,1952256,85625629
20240528,44.5,45,43.4,44.6,1354004,59924069
20240529,44.12,45.24,44.11,44.51,1204976,53796821
20240530,44.5,44.9,43.41,43.72,1676731,73408554
20240531,44.1,44.5,43.65,44.15,1031288,45488546
20240603,44.02,44.23,42.8,43.04,1789701,77660662
20240604,43.04,44.19,42.49,43.46,1878835,81539693
20240605,43.49,44.55,43.06,43.49,1685410,73798650
20240606,43.48,44.15,42.81,42.91,1492996,64763699
20240607,43.45,43.93,42.18,42.35,1106488,47289622
20240611,42.32,45.07,42.15,44.73,2243534,98701083
20240612,45,45.53,42.81,43.5,3193363,140078903
20240613,43.36,45.21,42.87,44.62,2049000,90446056
20240614,44.2,44.96,43.53,44.09,1652154,72814449
20240617,42.77,44.09,42.77,43.6,1855462,80217106
20240618,43.73,44.08,43.18,43.32,1313888,57319921
20240619,43.23,43.75,42.01,42.9,1474133,62983098
20240620,42.81,43.74,42.5,42.51,1408372,60737873
20240621,42.3,43.35,42,42.65,1133666,48310896
20240624,42.03,42.5,40.24,40.46,2072460,85393418
20240625,40.66,40.9,39.5,39.94,1522838,61081660
20240626,39.83,41.71,39.41,41.68,1474370,59778065
20240627,41.49,42.42,40.43,40.5,1077224,44218829
20240628,40.6,41,39.12,39.35,1707169,68200859
20240701,39.34,40.34,39.34,40.09,1463949,58414959
20240702,40,40.1,39.3,39.36,953970,37771691
20240703,39.47,40.3,39.02,39.39,842816,33415814
20240704,39.39,39.88,38.7,38.8,1043201,40833665
20240705,39,40.8,38.05,40.41,1931329,76182349
20240708,40,40.67,38.3,38.53,1935271,75873198
20240709,38.51,39.14,37.4,38.66,1673065,64158348
20240710,38.7,41.48,38.51,40.74,2448058,98378790
20240711,41.09,42.14,40.51,41.45,2064033,85371847
20240712,41.19,42.65,41.19,42.57,2407103,101635548
20240715,42.01,42.25,40.27,40.73,1992695,81608424
20240716,40.38,41.05,40.15,40.87,1209651,49122914
20240717,40.55,41.48,40.21,40.76,1428127,58184011
20240718,40.45,40.79,39.75,40.29,1607239,64676402
20240719,40.21,40.97,39.7,40.3,1132148,45653056
20240722,40.5,41.25,40.05,40.1,1487412,60309154
20240723,40.48,40.48,38.02,38.03,2267997,88003446
20240724,38,38.27,36.66,36.85,1583825,58842053
20240725,36.58,37.3,36.4,36.79,1293424,47620578
20240726,36.8,37.28,36.09,36.96,1153602,42308812
20240729,36.98,37.56,36.41,36.93,1265667,46708079
20240730,36.8,37.17,36.19,36.3,1381863,50685670
20240731,36.31,38.96,35.96,38.96,2669057,100816529
20240801,38.54,39.5,37.33,37.75,2050839,78039442
20240802,37.73,39.39,37.52,38.16,1862923,72131089
20240805,38.13,39.48,37.6,37.6,1517102,58388517
20240806,37.82,39.08,37.82,39.05,2024539,77984860
20240807,39.02,39.03,36.8,36.85,2627505,98871716
20240808,36.67,37.49,36.1,37,1541610,56723146
20240809,37.15,37.51,35.91,35.91,2155947,78567567
20240812,35.91,36.9,34.65,36.07,2625242,93742287
20240813,35.92,36.2,35.4,35.87,968102,34628736
20240814,35.87,35.89,35.22,35.35,728024,25810550
20240815,35.49,36.33,35.11,35.65,1231788,44011129
20240816,35.65,36.15,35.28,35.84,1005267,35974219
20240819,35.92,36.85,35.8,35.8,1371483,49676609
20240820,35.74,35.91,34.78,35.2,1402752,49348176
20240821,35.03,36.5,34.95,36.5,1917776,68931539
20240822,36.26,36.45,33.06,33.55,4423858,152003130
20240823,33.55,33.69,32.57,32.62,2164173,71283765
20240826,32.62,33.54,32.31,32.79,1470226,48590981
20240827,32.7,34.16,32.61,33.32,1589951,53351398
20240828,33.33,33.67,32.94,33.28,846695,28163766
20240829,33.18,33.9,32.97,33.46,960126,32141735
20240830,33.3,34.27,33.11,33.83,1712618,58131782
20240902,33.81,33.92,32.71,32.79,1525784,50346315
20240903,32.79,33.6,32.6,32.9,959978,31773128
20240904,32.92,33.45,32.45,33,812777,26777795
20240905,33.13,33.67,32.85,33.28,804347,26812096
20240906,33.25,33.5,32.7,32.71,1034418,34153534
20240909,32.51,33.19,32.1,32.19,1117674,36374341
20240910,32.26,32.34,31.19,31.68,1538865,48672260
20240911,31.67,33.49,31.31,33.35,2334785,76450791
20240912,33.4,34.13,33.05,33.1,1055761,35416115
20240913,33.3,33.58,32.19,32.29,1102197,36040176
20240918,32.35,33.08,31.93,32.6,1275477,41334635
20240919,33.2,33.5,32.3,32.97,1086553,35877770
20240920,33.07,33.12,32,32.13,986291,31914525
20240923,32.13,32.58,31.27,31.32,1538164,48773365
20240924,31.59,32.45,31.07,32.33,2676871,85402771
20240925,32.8,33.65,32.2,32.28,2681249,88419381
20240926,32.18,34.2,31.71,34.13,2955756,97073313
20240927,34.6,36.85,34.51,36.2,2703717,96084079
20240930,38.4,41.63,37.07,41.36,5894237,233242332
20241008,49.5,49.52,43.82,47.26,7065650,328427190
20241009,46.34,46.88,42.6,43.02,6274724,282376085
20241010,43.3,45.2,41.18,41.2,4874121,207608623
20241011,40.48,41,37.31,38,4096605,159199940
20241014,38.2,38.86,36.42,38.33,3601605,135734176
20241015,38.33,38.64,36.86,36.94,2935200,110922029
20241016,36.82,37.39,36.2,36.42,2187664,80219025
20241017,36.6,37.59,36.21,36.26,2453965,90412061
20241018,36.04,39.55,35.88,38.1,4526315,170358601
20241021,38,40.25,37.87,39.36,4681117,182577167
20241022,39.08,40.37,38.9,40,3182794,126678337
20241023,40.18,41.8,39.83,41.16,3810074,155205596
20241024,41.22,41.74,40.78,40.8,2818976,116102249
20241025,40.4,40.95,39.4,40.34,4227838,169751654
20241028,40.2,40.85,39.17,40.79,3466971,139121489
20241029,40.4,40.5,38.01,38.01,5717521,222375438
20241030,38,38.5,37.04,37.45,2861770,107814450
20241031,37.5,38.5,37.15,37.95,2365131,89615621
20241101,37.75,39.5,37.68,38.1,3226089,124297148
20241104,38.26,39.07,37.78,38.67,2553980,98478770
20241105,38.31,39.19,37.9,39.13,3492091,135529096
20241106,39.02,39.65,38.6,38.8,3344864,130755791
20241107,38.16,39.9,38.16,39.87,3379880,133076158
20241108,40.5,41.12,39.28,39.48,4280845,171708071
20241111,39.3,41.3,39.15,41.09,4762319,192438530
20241112,42,46.31,41.61,43.4,9549524,420982542
20241113,42.5,44.44,41.66,42.97,5289877,226150299
20241114,42.69,43.37,41.2,41.26,3718170,157437321
20241115,41.39,41.88,39.14,39.3,3380051,136078805
20241118,39.57,39.57,38.14,38.38,2441250,95019219
20241119,38.32,39.32,38.22,39.29,1944904,75496913
20241120,39.09,41.36,38.85,40.38,3377084,136336182
20241121,40.01,41.28,39.4,39.81,2061177,82826839
20241122,39.99,39.99,37.71,37.71,3036628,117429278
20241125,37.69,38.66,37.37,38.61,2009669,76383219
20241126,38.19,39.95,38.19,38.41,1539752,59957936
20241127,38.11,39.15,37.85,39.05,1807074,69787540
20241128,39.35,39.35,38.32,38.38,1753278,67649419
20241129,38.42,39.45,38.02,39,2184033,84891172
20241202,38.98,39.98,38.9,39.4,2436753,95869967
20241203,39.15,39.34,38.61,38.8,1967514,76547206
20241204,38.6,38.81,38.01,38.2,1965657,75261424
20241205,38.13,38.64,37.93,38.04,1676959,64078693
20241206,38.09,39.08,37.85,38.96,2264057,87394176
20241209,39.71,39.75,38.31,38.64,1808253,70187597
20241210,39.4,39.8,38.82,39.03,3115164,122371616
20241211,38.97,39.33,38.6,38.9,1800358,70123618
20241212,39.01,39.54,38.78,39.29,2053445,80455255
20241213,39.4,39.4,38.2,38.25,2594578,99827286
20241216,37.81,38.4,37.59,38,1768343,66912137
20241217,37.99,38.25,37.2,37.21,1438009,53996477
20241218,37.21,38.08,37.11,37.77,1055570,39697902
20241219,37.51,37.88,37.2,37.72,1142807,42905437
20241220,37.6,38.08,37.51,37.8,1160110,43894119
20241223,37.7,37.96,36.69,36.81,1459752,54320503
20241224,37.08,37.53,36.68,37.44,1356653,50483199
20241225,37.58,37.78,36.78,37.03,1119498,41542533
20241226,37.11,37.34,36.91,37.1,827665,30767040
20241227,37.01,37.65,36.78,37.14,1095309,40828064
20241230,36.95,37.72,36.68,37.47,1289416,48015186
20241231,37.45,37.5,36.16,36.23,1740313,63603631
20250102,36.1,36.3,34.74,35.28,1373527,48992325
20250103,35.1,35.93,34.7,34.86,1227292,43365318
20250106,35.5,35.75,34.97,35.18,934667,32940539
20250107,35.18,35.32,34.15,34.7,1215366,42092758
20250108,34.79,34.79,33.55,34.31,1127405,38569479
20250109,34.01,34.76,33.95,34.19,780434,26829952
20250110,34.03,34.55,33.62,33.76,775262,26388184
20250113,33.5,34.23,33.5,34.15,1056584,35851123
20250114,33.91,35.08,33.91,34.93,1429535,49593513
20250115,34.82,35,33.91,34.07,1284354,44123199
20250116,34.08,34.73,33.91,34.24,1064212,36511446
20250117,34.27,34.73,33.9,34.6,1098108,37758127
20250120,35.29,37.19,35.2,36.41,3186187,116169875
20250121,36.11,36.9,35.85,36.71,1512902,55050163
20250122,36.57,37.06,36.32,36.74,1246181,45612704
20250123,37.09,38.09,36.81,37.35,2286385,85984213
20250124,37.01,37.88,36.61,36.63,1682502,62040364
20250127,36.79,37.1,35.8,35.84,1287021,46777099
20250205,36.4,36.76,35.84,36.61,1384539,50191539
20250206,36.01,36.86,36.01,36.78,1396450,51089144
20250207,36.8,37.85,36.61,37.26,2335303,87235032
20250210,37.9,38.26,37.15,38.04,2750579,104325413
20250211,38.26,38.45,37.51,37.73,1558724,58803136
20250212,37.75,38.57,37.5,38.3,2333643,88975459
20250213,38.29,38.5,37.53,37.59,1749663,66201510
20250214,37.93,39.23,37.8,38.76,3286499,127233821
20250217,38.76,39.66,38.15,38.55,2809755,109469654
20250218,38.2,39.25,37.87,38.03,1990386,76596360
20250219,38.26,38.66,37.78,38.13,1814730,69192622
20250220,38.4,39.1,38.14,38.56,2054896,79458260
20250221,38.41,39.85,38.17,39.22,3834073,150244111
20250224,38.88,39.64,38.65,39.28,2740739,107184879
20250225,39.06,40.48,38.92,39.5,3693111,147200224
20250226,39.48,41.66,39.1,40.84,4902193,197729080
20250227,40.63,41.55,40.46,41.45,3502835,143407747
20250228,41.24,42.25,40.17,40.37,4637682,190992926
20250303,41.36,43.94,41.15,42.79,5944400,254006652
20250304,42.03,43.01,42.03,42.16,2801524,118700607
20250305,42.22,42.54,40.41,40.8,3606106,147986790
20250306,41,41.79,40.67,41.44,3611975,149293615
20250307,41.86,41.86,40.71,40.97,2212005,91157423
20250310,41.46,41.5,40.3,40.56,2281054,92751573
20250311,40.01,40.51,39.73,40.2,1931319,77437593
20250312,40.01,40.6,39.15,39.32,2900823,114560600
20250313,39.11,39.46,38.52,38.71,1751484,68089653
20250314,38.52,39.53,38.51,39.47,2246493,87838709
20250317,39.6,39.88,38.86,39.28,1698903,66685832
20250318,39.44,40.56,39.1,39.62,2758548,110116432
20250319,39.53,40.65,39.39,39.9,2543880,101948265
20250320,39.81,40.05,39.28,39.36,1471766,58323913
20250321,39.02,39.79,38.45,38.75,1704282,66492648
20250324,38.75,39.12,38.05,38.47,1387624,53454863
20250325,38.87,39.13,38.21,38.89,1160017,45094402
20250326,38.66,39.09,38.52,38.54,965576,37394010
20250327,38.35,40.25,38.1,39.91,3140247,124291320
20250328,39.87,43.15,39.77,41.21,5855285,245165129
20250331,40.86,41.38,40.1,40.74,2924102,119002040
20250401,40.53,43,40.53,42.1,5426096,229257483
20250402,41.7,42.7,41.62,41.85,3277184,137844868
20250403,41.51,43.2,41.17,41.62,3191869,133960330
20250407,39.07,41,34.8,36.18,5030996,189666051
20250408,36.7,38.08,36.2,36.94,3238582,120230723
20250409,36.46,37.35,34.61,37.11,3840969,139609489
20250410,37.86,39.25,37.52,38.61,3791472,146183924
20250411,38.4,39.9,38.06,39.34,3236886,126953129
20250414,39.72,40.76,39.29,40.24,3058346,123251651
20250415,39.84,40.51,38.9,39.45,2300128,90911109
20250416,39.33,39.33,37.43,38.18,2543239,97021946
20250417,37.78,38.56,37.78,38,1435207,54869995
20250418,37.68,38.39,37.55,37.93,1195909,45248461
20250421,37.68,40.23,37.4,40.2,3354975,131419169
20250422,40.28,40.89,39.8,40.38,2587260,104286318
20250423,39.98,40.38,38.63,38.66,3591999,141363429
20250424,38.56,40.34,38.54,38.88,2818330,110637734
20250425,39,39.06,37.5,38.18,2980598,113606677
20250428,36.81,37.2,35.2,36.87,4047046,147040498
20250429,36.65,37.25,36.42,36.82,1695504,62473767
20250430,36.9,37.22,36.32,36.5,2352044,86250274
20250506,36.9,36.98,36.09,36.41,3214403,117034345
20250507,36.69,37.13,36.22,36.51,2480574,90728700
20250508,36.36,37.07,36.36,36.85,1975769,72802818
20250509,36.9,36.98,36.25,36.29,2086936,76113146
20250512,36.32,36.6,35.69,36.03,2618695,94424886
20250513,36.3,36.43,35.81,35.89,1940488,70018786
20250514,36.24,36.46,35.72,36.28,1595642,57608282
20250515,36.29,36.38,35.86,35.9,997631,35917226
20250516,35.91,36.96,35.71,36.88,2310026,84503576
20250519,37,37.29,36.28,36.56,1467965,53806473
20250520,36.93,38.75,36.93,38.21,4812563,183508472
20250521,38.05,41.55,37.75,40.86,9337045,375780604
20250522,40.55,40.98,40.02,40.13,5292380,214032897
20250523,40.29,40.4,39.12,39.2,3916939,155500229
